  0.1000  -0.0000  -0.0041  -0.0000   0.0000  -0.0329  -0.3800   0.2043   0.4189  -0.0001  -0.0001  -0.0001  -0.0000  -0.0000  -0.0000 
  0.2000   0.0527   3.4936   0.1581   3.6031   0.0710   1.7225   0.2415   1.9605   0.0913  -0.0001   0.2236   0.0091  -0.0000   0.0223 
  0.3000   0.2959   6.3226  -0.0000   6.6023  -0.1056   1.6861   0.2822   1.7710   0.1653  -0.0072   0.4100   0.0257  -0.0004   0.0633 
  0.4000   0.6849   5.9457   0.5715   5.2405  -0.5401   0.3004   0.0736   1.0413   0.1555   0.0074   0.3224   0.0411   0.0014   0.0956 
  0.5000  -0.1216   4.6690  -0.1824   5.0216  -0.5912   0.3012  -0.1939   0.8067   0.1173  -0.0052   0.3245   0.0529   0.0020   0.1280 
  0.6000  -0.0041   4.1624   0.1013   3.9800  -0.5003   0.3791   0.0199   0.8335   0.1030   0.0036   0.2612   0.0630   0.0036   0.1542 
  0.7000  -0.2432   4.1867  -0.0000   4.0286  -0.3237   0.2830  -0.0545   0.9963   0.0997   0.0050   0.2746   0.0728   0.0057   0.1816 
  0.8000   0.1094   3.6720   0.0851   3.7692  -0.3021   0.2112  -0.0710   0.9409   0.0954  -0.0015   0.2353   0.0822   0.0072   0.2051 
  0.9000  -0.1013   3.7611  -0.0892   3.8098  -0.4016   0.3185  -0.0424   1.0352   0.0923  -0.0005   0.2520   0.0913   0.0091   0.2303 
  1.0000  -0.0000   3.6517  -0.0365   4.0124  -0.2510   0.3748   0.0095   0.8266   0.0953  -0.0050   0.2500   0.1007   0.0108   0.2553 
  1.1000   0.2837   3.9030   0.1500   3.5017  -0.4458   0.3151   0.0615   0.9365   0.0980   0.0033   0.2263   0.1101   0.0136   0.2780 
  1.2000  -0.3283   3.8787  -0.0122   3.7206  -0.1939   0.3532  -0.0009   1.1313   0.0907   0.0059   0.2578   0.1186   0.0166   0.3038 
  1.3000   0.2108   3.4774  -0.0162   4.1259  -0.0407   0.5453   0.1039   1.0222   0.0975  -0.0109   0.2405   0.1283   0.0185   0.3278 
  1.4000   0.5228   4.4056   0.2594   4.1948  -0.5652   0.4060   0.1800   0.7859   0.1173  -0.0007   0.2538   0.1394   0.0222   0.3532 
  1.5000   0.1216   3.3194   0.0041   3.3680  -0.7132   0.5150   0.0130   0.8058   0.0852  -0.0021   0.2130   0.1474   0.0250   0.3745 
  1.6000  -0.0000   4.2232   0.1945   4.2475  -0.5583   0.8309   0.0407   0.9790   0.1083   0.0021   0.2687   0.1574   0.0291   0.4014 
  1.7000   0.3769   4.4745   0.5755   3.4085  -0.8370   0.1350  -0.1584   0.8526   0.1104   0.0158   0.2250   0.1670   0.0349   0.4239 
  1.8000  -0.0730   3.6395  -0.5471   4.1259  -0.7686   0.3038  -0.3557   0.9634   0.0893  -0.0120   0.2723   0.1756   0.0375   0.4511 
  1.9000   0.0041   3.7976  -0.0122   3.7084  -0.7002   0.7418   0.0312   0.8872   0.0937   0.0009   0.2440   0.1840   0.0416   0.4755 
  2.0000  -0.0608   4.0489   0.0284   3.7692  -0.6345   0.5920  -0.0398   1.1218   0.0973   0.0046   0.2549   0.1925   0.0465   0.5010 
  2.1000  -0.1500   4.0165  -0.0486   4.1624  -0.4484   0.4362  -0.0649   0.9738   0.0998  -0.0006   0.2720   0.2012   0.0512   0.5282 
  2.2000   0.2472   4.1381   0.0770   4.1381  -0.5055   0.2761  -0.0000   0.7652   0.1075  -0.0021   0.2582   0.2106   0.0565   0.5540 
  2.3000  -0.0000   3.6152  -0.0527   3.7449  -0.5245   0.3930  -0.0000   0.7825   0.0913  -0.0023   0.2407   0.2185   0.0611   0.5781 
  2.4000  -0.0000   3.7571   0.0122   4.0611  -0.3886   0.7158   0.0848   0.8673   0.0979  -0.0036   0.2534   0.2269   0.0661   0.6034 
  2.5000  -0.0000   3.9395   0.3567   3.6031  -0.3860   0.5531   0.0675   0.9963   0.0987   0.0087   0.2333   0.2346   0.0725   0.6267 
  2.6000   0.0365   3.9800   0.0122   4.1705  -0.2874   0.4925   0.0138   1.0932   0.1025  -0.0027   0.2630   0.2430   0.0782   0.6531 
  2.7000   0.3445   3.8584   0.2797   3.7490  -0.4865   0.5159   0.0415   0.9928   0.1029   0.0006   0.2267   0.2512   0.0845   0.6757 
  2.8000  -0.0000   3.9922  -0.0770   4.1462  -0.4977   0.5644  -0.0000   1.0326   0.1008  -0.0029   0.2667   0.2592   0.0906   0.7024 
  2.9000   0.0162   3.6274   0.1135   3.7368  -0.3765   0.6552   0.0753   0.9660   0.0937  -0.0002   0.2349   0.2664   0.0967   0.7259 
  3.0000   0.1945   4.6609   0.1621   4.1016  -0.5141   0.3739   0.0164   1.1001   0.1140   0.0066   0.2729   0.2744   0.1047   0.7532 
  3.1000  -0.0162   3.6274   0.0608   3.4693  -0.3099   0.2043  -0.0788   1.0672   0.0893   0.0029   0.2290   0.2808   0.1110   0.7761 
  3.2000  -0.0041   3.9151  -0.0000   4.1867  -0.1982   0.6293  -0.0424   1.2585   0.1012  -0.0033   0.2632   0.2882   0.1179   0.8024 
  3.3000   0.3323   4.1948  -0.0730   3.9557  -0.4259   0.2510  -0.0000   1.0724   0.1051  -0.0021   0.2562   0.2957   0.1253   0.8280 
  3.4000   0.2229   3.5544  -0.0000   3.8098  -0.5167   0.4986  -0.0208   1.0144   0.0948  -0.0060   0.2319   0.3025   0.1319   0.8512 
  3.5000   0.0405   4.1867   0.0608   3.9881  -0.5176   0.6570  -0.0000   1.1079   0.1035   0.0027   0.2621   0.3091   0.1398   0.8774 
  3.6000   0.0892   3.8706   0.1945   3.6963  -0.4267   0.4311  -0.0225   1.1088   0.0981   0.0035   0.2365   0.3151   0.1476   0.9011 
  3.7000  -0.0122   3.8300   0.1135   3.9922  -0.3964   0.6068  -0.1757   1.2274   0.0990  -0.0005   0.2507   0.3213   0.1554   0.9261 
  3.8000   0.2472   4.2678   0.0608   4.1745  -0.5765   0.3332  -0.1298   1.0283   0.1094  -0.0012   0.2641   0.3280   0.1640   0.9525 
  3.9000  -0.0041   3.7125  -0.0122   3.7125  -0.5081   0.3454  -0.1593   1.0058   0.0926  -0.0001   0.2416   0.3334   0.1716   0.9767 
  4.0000   0.0486   4.0732  -0.1135   4.3042  -0.4241   0.4804  -0.0632   0.9928   0.1039  -0.0049   0.2741   0.3396   0.1799   1.0041 
  4.1000  -0.0000   3.7084   0.1378   3.4166  -0.4683   0.4189  -0.0234   0.9859   0.0908   0.0054   0.2269   0.3440   0.1879   1.0268 
  4.2000  -0.0041   4.0003   0.0608   4.1705  -0.3306   0.5938  -0.0952   1.1651   0.1028  -0.0013   0.2634   0.3494   0.1966   1.0531 
  4.3000   0.2229   3.8827   0.2108   4.0651  -0.4691   0.4562  -0.0892   0.8829   0.1048  -0.0024   0.2440   0.3548   0.2056   1.0775 
  4.4000  -0.0284   3.8057  -0.0122   3.7490  -0.5470   0.5488  -0.0770   1.0144   0.0939   0.0009   0.2466   0.3592   0.2139   1.1022 
  4.5000   0.0405   3.7003   0.0973   4.1097  -0.3661   0.7929  -0.0476   1.0361   0.0993  -0.0044   0.2491   0.3641   0.2225   1.1271 
  4.6000   0.1216   4.4177   0.2310   3.5990  -0.5384   0.4648  -0.0372   1.0413   0.1046   0.0116   0.2488   0.3675   0.2325   1.1520 
  4.7000   0.1135   3.9435  -0.0122   4.0894  -0.3609   0.3964  -0.2294   1.1209   0.1017  -0.0034   0.2575   0.3720   0.2416   1.1777 
  4.8000   0.0770   3.6233   0.0122   3.9395  -0.4631   0.6933  -0.0788   0.9642   0.0956  -0.0048   0.2427   0.3761   0.2503   1.2020 
  4.9000   0.0405   3.9435   0.0770   4.0286  -0.4821   0.7574  -0.0415   1.0075   0.1011  -0.0006   0.2550   0.3798   0.2597   1.2275 
  5.0000   0.0648   3.9070  -0.0122   4.1218  -0.4890   0.6855  -0.0164   0.8846   0.1010  -0.0036   0.2590   0.3835   0.2691   1.2534 
  5.1000   0.2351   4.1097   0.6201   4.0286  -0.6154   0.5090  -0.1454   0.7453   0.1124   0.0058   0.2365   0.3865   0.2800   1.2770 
  5.2000  -0.0000   3.7003  -0.1135   3.7814  -0.8102   0.5176  -0.3298   0.9063   0.0921  -0.0024   0.2466   0.3894   0.2887   1.3017 
  5.3000  -0.0365   3.9030   0.1094   3.9395  -0.6483   0.7392  -0.1446   0.9495   0.0989   0.0014   0.2523   0.3919   0.2983   1.3269 
  5.4000   0.1094   4.2718   0.0405   3.9314  -0.7331   0.4016  -0.1982   0.8855   0.1044   0.0034   0.2615   0.3941   0.3085   1.3531 
  5.5000  -0.0041   3.6882  -0.0284   3.8544  -0.6301   0.4657  -0.2614   0.8370   0.0939  -0.0024   0.2459   0.3963   0.3176   1.3777 
  5.6000  -0.0000   3.6841   0.0284   3.9922  -0.6146   0.8284  -0.1627   0.8465   0.0963  -0.0035   0.2483   0.3985   0.3270   1.4025 
  5.7000   0.0973   3.7328   0.1945   3.9881  -0.6717   0.8855  -0.1671   0.8638   0.1002  -0.0020   0.2412   0.4004   0.3368   1.4266 
  5.8000  -0.0000   4.0854   0.0851   4.1948  -0.7773   0.7903  -0.1878   0.7176   0.1046  -0.0003   0.2661   0.4019   0.3472   1.4532 
  5.9000   0.0365   3.9030   0.3769   3.9395  -0.7453   0.6951  -0.2908   0.6509   0.1032   0.0038   0.2412   0.4028   0.3575   1.4774 
  6.0000  -0.0000   3.8300  -0.0122   3.8706  -0.8630   0.7002  -0.3211   0.7721   0.0961  -0.0007   0.2504   0.4037   0.3670   1.5024 
  6.1000  -0.0000   3.6517   0.1256   3.9557  -0.7885   0.9859  -0.2311   0.7833   0.0967  -0.0022   0.2429   0.4046   0.3767   1.5267 
  6.2000  -0.0000   4.6325   0.1459   3.7611  -0.8673   0.6241  -0.2268   0.9331   0.1067   0.0127   0.2678   0.4038   0.3874   1.5535 
  6.3000   0.2351   3.2261  -0.0770   3.8179  -0.7366   0.7989  -0.4224   0.8786   0.0900  -0.0113   0.2236   0.4051   0.3964   1.5758 
  6.4000  -0.2675   4.0732   0.2432   4.3569  -0.7453   1.2231  -0.3177   0.7418   0.1051   0.0028   0.2745   0.4048   0.4069   1.6033 
  6.5000  -0.0041   4.0773   0.1945   3.8462  -0.7072   0.5886  -0.3393   0.7202   0.1014   0.0054   0.2511   0.4039   0.4170   1.6284 
  6.6000   0.0648   3.6639  -0.0730   4.0246  -0.6674   0.8136  -0.3653   0.8180   0.0960  -0.0062   0.2499   0.4040   0.4266   1.6534 
  6.7000  -0.1378   4.0408   0.2472   3.9922  -0.6561   0.9192  -0.2510   0.7314   0.1018   0.0054   0.2573   0.4026   0.4367   1.6791 
  6.8000   0.0122   3.9881  -0.1702   4.1826  -0.5193   0.6172  -0.2242   0.6146   0.1002  -0.0047   0.2704   0.4020   0.4467   1.7061 
  6.9000  -0.0122   3.5544   0.2189   3.7692  -0.4475   0.8786  -0.0580   0.5635   0.0941   0.0002   0.2311   0.4007   0.4560   1.7292 
  7.0000   0.1094   4.6366   0.1621   3.9638  -0.5323   0.5765  -0.1601   0.8015   0.1109   0.0091   0.2704   0.3980   0.4668   1.7563 
  7.1000  -0.0000   3.4450   0.1256   3.7003  -0.2380   0.5254  -0.3670   0.6596   0.0909  -0.0016   0.2279   0.3965   0.4758   1.7791 
  7.2000   0.0041   3.5990   0.2797   4.2232  -0.2787   1.0499  -0.3393   0.8275   0.1013  -0.0044   0.2448   0.3948   0.4858   1.8035 
  7.3000  -0.0122   3.8584  -0.1094   4.0246  -0.3791   0.8509  -0.1523   0.6613   0.0970  -0.0033   0.2599   0.3929   0.4953   1.8295 
  7.4000   0.0365   3.7814   0.0041   4.1867  -0.2155   0.9547  -0.0095   0.5479   0.1001  -0.0055   0.2574   0.3909   0.5051   1.8553 
  7.5000  -0.1824   3.7976  -0.0000   3.9395  -0.1567   1.0266   0.0822   0.5141   0.0944   0.0005   0.2571   0.3882   0.5142   1.8810 
  7.6000   0.2229   3.8300   0.1581   4.0124  -0.0701   1.1226   0.2354   0.5375   0.1028  -0.0031   0.2423   0.3853   0.5241   1.9052 
  7.7000   0.0162   4.0773   0.6363   3.7692  -0.1800   1.0413   0.0312   0.5747   0.1062   0.0116   0.2336   0.3808   0.5337   1.9286 
  7.8000   0.3688   4.1826   0.2959   3.7206  -0.3488   0.7176  -0.2181   0.8457   0.1071   0.0049   0.2350   0.3766   0.5436   1.9521 
  7.9000   0.0851   4.0246  -0.0730   4.3326  -0.3436   0.7020  -0.2943   0.5193   0.1046  -0.0058   0.2709   0.3732   0.5535   1.9792 
  8.0000  -0.0162   3.5504   0.3202   3.6841  -0.2891   0.8829  -0.3194   0.4934   0.0942   0.0025   0.2250   0.3692   0.5621   2.0017 
  8.1000  -0.0000   3.7855  -0.2310   4.3893  -0.3618   1.0006  -0.2692   0.5453   0.0993  -0.0104   0.2729   0.3660   0.5715   2.0290 
  8.2000  -0.0041   3.9881   0.2067   3.7125  -0.3757   0.8457  -0.0822   0.3999   0.0988   0.0061   0.2434   0.3611   0.5801   2.0533 
  8.3000  -0.0000   4.0773   0.2067   3.9435  -0.3116   0.7115  -0.4016   0.6085   0.1028   0.0043   0.2537   0.3560   0.5890   2.0787 
  8.4000   0.1094   3.5666  -0.2189   3.9314  -0.3038   0.8881  -0.2804   0.5418   0.0924  -0.0087   0.2470   0.3522   0.5975   2.1034 
  8.5000  -0.3526   4.0124   0.2918   3.7571  -0.1714   1.0975  -0.1887   0.6301   0.0964   0.0112   0.2542   0.3464   0.6053   2.1288 
  8.6000   0.1743   4.4056   0.0365   4.1705  -0.0216   0.6223  -0.3142   0.6968   0.1098   0.0012   0.2716   0.3405   0.6145   2.1560 
  8.7000   0.3526   3.6112  -0.0000   3.9800  -0.2164   0.6812  -0.2969   0.3419   0.0993  -0.0090   0.2350   0.3357   0.6233   2.1795 
  8.8000  -0.0405   3.8462   0.2675   3.7692  -0.3410   0.9876  -0.3514   0.4873   0.0980   0.0048   0.2399   0.3297   0.6311   2.2034 
  8.9000   0.4012   3.6720  -0.0730   4.4177  -0.4077   0.9651  -0.3566   0.3679   0.1052  -0.0152   0.2520   0.3247   0.6404   2.2286 
  9.0000  -0.0365   4.0286   0.2108   3.9516  -0.7037   0.9997  -0.2320   0.0632   0.1019   0.0041   0.2534   0.3182   0.6483   2.2540 
  9.1000  -0.0243   3.8219   0.1864   3.7936  -0.4215   0.8803  -0.4250   0.2406   0.0972   0.0030   0.2420   0.3118   0.6556   2.2782 
  9.2000  -0.0041   3.9678  -0.0486   3.9314  -0.5488   0.9634  -0.3203   0.2848   0.0981  -0.0001   0.2582   0.3054   0.6631   2.3040 
  9.3000  -0.0041   3.5869   0.2351   3.9557  -0.4925   1.1538  -0.3480   0.1800   0.0972  -0.0016   0.2374   0.2991   0.6704   2.3277 
  9.4000  -0.0243   4.7338   0.0122   3.7814  -0.6448   0.7911  -0.2683   0.4198   0.1063   0.0124   0.2769   0.2909   0.6773   2.3554 
  9.5000   0.1500   3.5301  -0.0527   3.5544  -0.3480   0.7479  -0.3956   0.4025   0.0898  -0.0028   0.2269   0.2847   0.6838   2.3781 
  9.6000  -0.2472   4.0043  -0.0162   3.9881  -0.2571   1.1278  -0.3220   0.5592   0.0966   0.0031   0.2680   0.2775   0.6903   2.4049 
  9.7000   0.3931   3.8219  -0.0000   4.1462  -0.2891   0.9591  -0.1792   0.4016   0.1045  -0.0090   0.2459   0.2704   0.6980   2.4295 
  9.8000  -0.0122   4.0165   0.1256   4.1381  -0.4475   1.0274  -0.2328   0.1792   0.1034   0.0002   0.2611   0.2626   0.7047   2.4556 
  9.9000   0.0648   3.7490   0.2675   3.7125  -0.3583   0.9677  -0.3021   0.3185   0.0974   0.0030   0.2315   0.2548   0.7106   2.4788 
 10.0000  -0.0000   4.0165  -0.0770   4.0732  -0.3575   1.0101  -0.2571   0.4579   0.1002  -0.0017   0.2652   0.2470   0.7169   2.5053 
 10.1000  -0.0000   3.7206   0.3323   3.8787  -0.2441   1.0664  -0.2640   0.3203   0.0991   0.0022   0.2359   0.2389   0.7227   2.5289 
 10.2000   0.0648   4.4420  -0.0486   4.3164  -0.3324   0.7080  -0.2553   0.3159   0.1097   0.0002   0.2838   0.2299   0.7290   2.5573 
 10.3000   0.2918   3.3599   0.0405   3.4572  -0.4025   0.8526  -0.1722   0.1584   0.0894  -0.0044   0.2105   0.2227   0.7342   2.5783 
 10.4000  -0.2553   4.1218   0.2553   3.9557  -0.3055   1.2404  -0.3203   0.5418   0.1010   0.0085   0.2623   0.2137   0.7389   2.6045 
 10.5000   0.2229   3.8057  -0.1013   4.3812  -0.1757   0.8309  -0.2363   0.2406   0.1039  -0.0112   0.2619   0.2054   0.7452   2.6307 
 10.6000  -0.0041   3.9638   0.2108   3.8341  -0.3627   0.9842  -0.1246   0.0874   0.1001   0.0043   0.2465   0.1965   0.7497   2.6554 
 10.7000   0.1378   4.1259   0.3810   3.5625  -0.3194   0.8102  -0.4172   0.4830   0.1026   0.0101   0.2328   0.1869   0.7536   2.6787 
 10.8000  -0.0000   3.6639  -0.1702   3.9557  -0.2276   0.8924  -0.4839   0.5384   0.0931  -0.0058   0.2529   0.1788   0.7583   2.7039 
 10.9000  -0.0000   3.7814   0.3445   4.3083  -0.1740   1.0889  -0.3826   0.2943   0.1054  -0.0023   0.2515   0.1694   0.7630   2.7291 
 11.0000   0.0041   4.2434  -0.0122   3.8057  -0.3471   0.6336  -0.3653   0.4060   0.1005   0.0053   0.2616   0.1600   0.7665   2.7553 
 11.1000   0.0243   3.8300  -0.0041   3.7328  -0.1082   0.7228  -0.3834   0.5159   0.0948   0.0009   0.2449   0.1512   0.7700   2.7797 
 11.2000   0.0527   3.7855   0.1743   4.1097  -0.1073   0.9755  -0.4293   0.4847   0.1015  -0.0025   0.2490   0.1418   0.7738   2.8046 
 11.3000   0.2837   3.8908  -0.1824   4.2191  -0.3116   0.9054  -0.2683   0.2986   0.1026  -0.0099   0.2600   0.1324   0.7782   2.8306 
 11.4000  -0.0284   3.9800   0.1337   3.8341  -0.2735   0.8344  -0.2233   0.2060   0.0990   0.0039   0.2503   0.1228   0.7808   2.8557 
 11.5000   0.1500   4.1948   0.2351   3.7125  -0.2103   0.6743  -0.3523   0.4588   0.1037   0.0071   0.2442   0.1127   0.7831   2.8801 
 11.6000   0.0365   3.7449  -0.2837   3.8706  -0.1809   0.7479  -0.3583   0.4570   0.0921  -0.0056   0.2553   0.1040   0.7860   2.9056 
 11.7000   0.2229   3.6112   0.3931   3.7328  -0.2207   1.1218  -0.2856   0.5349   0.0995   0.0006   0.2184   0.0943   0.7883   2.9275 
 11.8000  -0.4175   3.1856   0.6728   1.0821  -0.0866   1.5701  -0.8924   2.5967   0.0565   0.0399   0.1303   0.0879   0.7856   2.9405 
 11.9000  -0.2715   3.1491  -0.0041   2.3507   0.7046   2.8304  -1.4602   2.7291   0.0653   0.0133   0.1875   0.0812   0.7856   2.9592 
 12.0000   0.9038   5.5566  -0.9970   7.4169   0.4735   2.4123  -0.7427   1.9017   0.1610  -0.0470   0.4242   0.0662   0.7931   3.0017 
 12.1000   0.8065   4.7582   0.0284   5.5931  -0.3012   0.9919  -0.2510   0.1039   0.1398  -0.0202   0.3090   0.0527   0.7971   3.0326 
 12.2000   0.0122   4.4988  -0.1378   4.7784  -0.3947   0.7210  -0.4856   0.0788   0.1144  -0.0054   0.3053   0.0414   0.7988   3.0631 
 12.3000   0.0284   4.3042   0.3567   3.3842  -0.2501   0.4103  -0.4570   0.1818   0.1009   0.0156   0.2371   0.0312   0.7981   3.0868 
 12.4000   0.1135   3.5625  -0.3040   3.9435  -0.2207   0.5981  -0.5903   0.3159   0.0914  -0.0100   0.2499   0.0221   0.7996   3.1118 
 12.5000   0.0405   3.1127   0.3404   3.4896  -0.3073   1.2118  -0.3912   0.2069   0.0873  -0.0010   0.2020   0.0134   0.7999   3.1320 
 12.6000  -0.1256   4.1624  -0.0486   3.8179  -0.4311   1.0707  -0.3289   0.4890   0.0976   0.0053   0.2648   0.0036   0.7995   3.1585 
 12.7000   0.1216   3.8706   0.0162   3.7084  -0.3038   0.8007  -0.2328   0.3177   0.0965   0.0007   0.2416  -0.0060   0.7993   3.1826 
 12.8000  -0.1621   3.7692   0.4134   3.8341  -0.2545   1.0084  -0.4657   0.3523   0.0982   0.0064   0.2387  -0.0158   0.7982   3.2065 
 12.9000   0.0973   3.9395  -0.0243   4.0773  -0.3177   0.8032  -0.3670   0.3428   0.1011  -0.0032   0.2579  -0.0259   0.7979   3.2323 
 13.0000  -0.0000   3.8057   0.0041   3.4410  -0.3229   0.8682  -0.1896   0.4414   0.0906   0.0046   0.2352  -0.0349   0.7966   3.2558 
 13.1000   0.1378   4.6690   0.1986   4.1624  -0.2129   0.5592  -0.3878   0.5393   0.1146   0.0071   0.2758  -0.0462   0.7946   3.2834 
 13.2000   0.1581   3.1897  -0.1378   3.4774  -0.1878   0.6267  -0.3497   0.3514   0.0836  -0.0073   0.2158  -0.0546   0.7941   3.3050 
 13.3000  -0.0365   4.2678   0.0284   3.9638  -0.1800   1.0274  -0.1255   0.6674   0.1028   0.0046   0.2675  -0.0647   0.7920   3.3317 
 13.4000   0.3688   3.9557  -0.0527   3.8219  -0.1792   0.6777  -0.2034   0.4882   0.1012  -0.0036   0.2423  -0.0747   0.7904   3.3559 
 13.5000  -0.0000   3.9759  -0.0486   4.0651  -0.1792   0.8535  -0.1385   0.3878   0.0999  -0.0017   0.2627  -0.0845   0.7885   3.3822 
 13.6000  -0.0162   3.5990   0.4296   3.8179  -0.0658   0.9651  -0.2623   0.4484   0.0979   0.0028   0.2274  -0.0939   0.7859   3.4050 
 13.7000   0.0243   4.0773  -0.1743   4.2718  -0.1446   0.8586  -0.1748   0.4899   0.1025  -0.0049   0.2759  -0.1039   0.7837   3.4325 
 13.8000   0.2189   3.7733   0.3648   3.6152  -0.2190   0.8162  -0.1177   0.3843   0.0997   0.0038   0.2209  -0.1134   0.7805   3.4546 
 13.9000  -0.0000   4.3812   0.0770   3.5504  -0.2320   0.6622  -0.3930   0.8621   0.1001   0.0113   0.2550  -0.1225   0.7763   3.4801 
 14.0000   0.2918   3.7692  -0.2837   4.2921  -0.0398   0.6933  -0.2761   0.5756   0.1009  -0.0137   0.2615  -0.1325   0.7742   3.5063 
 14.1000   0.0122   3.6517  -0.0284   3.9557  -0.1281   1.0499  -0.0234   0.2995   0.0949  -0.0043   0.2475  -0.1415   0.7713   3.5310 
 14.2000   0.0122   4.1259   0.2594   3.8665  -0.1013   0.9218  -0.0866   0.5219   0.1033   0.0063   0.2507  -0.1508   0.7668   3.5561 
 14.3000   0.0973   3.9273  -0.0000   3.9070  -0.0995   0.7357  -0.1731   0.5522   0.0991  -0.0010   0.2512  -0.1599   0.7629   3.5812 
 14.4000   0.3648   4.2232   0.4904   4.0854  -0.2034   0.6232  -0.3055   0.4233   0.1145   0.0033   0.2420  -0.1702   0.7577   3.6054 
 14.5000  -0.0284   3.7247  -0.0730   3.5382  -0.3012   0.5877  -0.4830   0.5791   0.0895   0.0018   0.2391  -0.1781   0.7535   3.6293 
 14.6000   0.0365   3.9273  -0.1094   4.0894  -0.1169   0.8578  -0.2553   0.7288   0.0993  -0.0039   0.2627  -0.1870   0.7492   3.6556 
 14.7000   0.2310   3.7571   0.1500   3.6720  -0.3367   0.8413  -0.2328   0.6042   0.0976   0.0001   0.2288  -0.1955   0.7444   3.6785 
 14.8000  -0.0527   4.2110  -0.0284   4.1502  -0.3081   0.8145  -0.3635   0.7210   0.1035   0.0011   0.2741  -0.2044   0.7390   3.7059 
 14.9000   0.1135   3.9800  -0.0000   3.9030  -0.1956   0.5843  -0.2363   0.5453   0.1000  -0.0005   0.2523  -0.2129   0.7337   3.7311 
 15.0000  -0.0486   4.0529  -0.0486   4.0043  -0.1359   0.5955  -0.2302   0.5721   0.0995   0.0006   0.2648  -0.2211   0.7281   3.7576 
 15.1000   0.1094   3.8584   0.0041   3.9395  -0.1246   0.6111  -0.1480   0.4778   0.0989  -0.0023   0.2495  -0.2293   0.7226   3.7825 
 15.2000   0.3688   3.8300   0.2351   3.9435  -0.3004   0.7054  -0.2259   0.4787   0.1047  -0.0031   0.2328  -0.2379   0.7166   3.8058 
 15.3000  -0.1256   3.8462  -0.0892   3.6841  -0.3566   0.7738  -0.2190   0.5869   0.0914   0.0025   0.2515  -0.2449   0.7108   3.8310 
 15.4000   0.0486   3.8665  -0.0041   3.9881  -0.0961   0.9080  -0.0718   0.6751   0.0987  -0.0022   0.2536  -0.2527   0.7046   3.8563 
 15.5000   0.1337   4.6609   0.2959   3.3923  -0.2051   0.4536  -0.1359   0.8162   0.1060   0.0179   0.2475  -0.2595   0.6963   3.8811 
 15.6000   0.2959   3.8706  -0.2189   4.2556  -0.1125   0.3852  -0.4103   0.7271   0.1025  -0.0112   0.2613  -0.2679   0.6903   3.9072 
 15.7000   0.2837   3.7692   0.0365   3.6477  -0.3159   0.6301  -0.1065   0.5739   0.0967  -0.0016   0.2304  -0.2749   0.6837   3.9303 
 15.8000  -0.0000   4.0975  -0.0000   3.8584  -0.2623   0.7167  -0.2337   0.8379   0.0994   0.0030   0.2583  -0.2817   0.6764   3.9561 
 15.9000   0.0486   3.9273   0.0122   4.1340  -0.1065   0.5877  -0.2199   0.6076   0.1015  -0.0030   0.2598  -0.2889   0.6692   3.9821 
 16.0000   0.0770   4.2840   0.2837   3.8827  -0.1506   0.3557  -0.2770   0.6215   0.1066   0.0076   0.2534  -0.2955   0.6608   4.0074 
 16.1000   0.1702   3.5139  -0.1256   3.6598  -0.1662   0.4778  -0.3834   0.8214   0.0902  -0.0055   0.2315  -0.3017   0.6543   4.0306 
 16.2000   0.0405   3.7490  -0.1256   4.0286  -0.1930   0.9305  -0.1186   0.8751   0.0962  -0.0056   0.2553  -0.3082   0.6472   4.0561 
 16.3000   0.1135   4.1624   0.3283   3.9881  -0.1454   0.5531  -0.1584   0.7504   0.1074   0.0049   0.2503  -0.3144   0.6383   4.0811 
 16.4000   0.0973   3.8665  -0.0608   4.0489  -0.2207   0.5522  -0.2597   0.6976   0.0994  -0.0043   0.2558  -0.3206   0.6306   4.1067 
 16.5000   0.0527   4.0651   0.0284   3.9314  -0.2631   0.6838  -0.0952   0.6509   0.1010   0.0014   0.2570  -0.3262   0.6222   4.1324 
 16.6000   0.1459   3.7936  -0.0041   3.7368  -0.2121   0.6310  -0.0995   0.7357   0.0959  -0.0012   0.2399  -0.3316   0.6142   4.1564 
 16.7000   0.1256   4.0611  -0.0648   4.2799  -0.2908   0.7470  -0.0433   0.5678   0.1050  -0.0051   0.2688  -0.3376   0.6056   4.1833 
 16.8000   0.0973   3.8422   0.4661   3.8949  -0.3081   0.6345  -0.1194   0.3834   0.1038   0.0040   0.2329  -0.3425   0.5964   4.2066 
 16.9000  -0.0122   3.8219   0.0122   3.6963  -0.4051   0.6388  -0.2060   0.7401   0.0940   0.0019   0.2441  -0.3469   0.5881   4.2310 
 17.0000  -0.0000   3.8584  -0.0162   4.1583  -0.2553   0.7877  -0.0736   0.6189   0.1000  -0.0040   0.2608  -0.3518   0.5794   4.2570 
 17.1000   0.1824   4.0611   0.2715   3.1654  -0.4683   0.5747  -0.0892   0.9054   0.0960   0.0123   0.2199  -0.3550   0.5703   4.2790 
 17.2000  -0.0243   4.3448  -0.1500   4.3934  -0.2727   0.5436  -0.2908   0.9262   0.1070  -0.0022   0.2894  -0.3596   0.5607   4.3080 
 17.3000   0.4904   3.7733   0.1094   3.7003  -0.4562   0.4518  -0.1203   0.5990   0.1009  -0.0039   0.2232  -0.3640   0.5515   4.3303 
 17.4000  -0.0041   4.0529  -0.0365   3.7855  -0.5453   0.6899  -0.2839   0.8474   0.0975   0.0029   0.2558  -0.3673   0.5424   4.3559 
 17.5000   0.0243   3.8908  -0.0648   4.1867  -0.3133   0.6206  -0.2095   0.6916   0.1005  -0.0048   0.2636  -0.3713   0.5331   4.3822 
 17.6000   0.0770   4.2353   0.1986   3.8462  -0.4042   0.4051  -0.1714   0.6301   0.1045   0.0064   0.2534  -0.3741   0.5230   4.4076 
 17.7000   0.0041   3.5058  -0.1743   3.5788  -0.2882   0.5592  -0.2579   0.8855   0.0864  -0.0031   0.2355  -0.3770   0.5149   4.4311 
 17.8000  -0.0041   3.8179  -0.0405   4.2070  -0.2025   0.9487  -0.0294   0.9210   0.0998  -0.0053   0.2620  -0.3802   0.5055   4.4573 
 17.9000   0.3323   4.1624   0.3040   4.1948  -0.4198   0.6197  -0.0338   0.5739   0.1124  -0.0008   0.2507  -0.3832   0.4946   4.4824 
 18.0000  -0.0122   3.8584   0.0648   3.7490  -0.5228   0.5678  -0.1575   0.6639   0.0958   0.0023   0.2453  -0.3851   0.4852   4.5069 
 18.1000   0.0284   3.9759   0.0365   3.8665  -0.3514   0.6795  -0.0718   0.8621   0.0988   0.0015   0.2525  -0.3870   0.4755   4.5322 
 18.2000  -0.0041   3.9192  -0.0122   3.8827  -0.2813   0.6232  -0.0467   0.8110   0.0973   0.0004   0.2538  -0.3887   0.4659   4.5576 
 18.3000   0.0122   3.8787  -0.0000   4.1097  -0.2147   0.6648  -0.0043   0.7141   0.1000  -0.0030   0.2590  -0.3905   0.4561   4.5835 
 18.4000   0.4134   4.2597   0.0648   3.8057  -0.4882   0.4285   0.0606   0.7193   0.1068   0.0013   0.2463  -0.3918   0.4455   4.6081 
 18.5000  -0.0486   3.8827   0.0122   3.7247  -0.3306   0.5488  -0.0095   0.7556   0.0946   0.0027   0.2482  -0.3925   0.4360   4.6329 
 18.6000   0.0405   3.7206   0.1135   3.9151  -0.1549   0.7297  -0.0000   0.8405   0.0974  -0.0015   0.2429  -0.3934   0.4264   4.6572 
 18.7000   0.2432   4.3772   0.2472   3.6841  -0.3930   0.4882  -0.0234   1.0352   0.1069   0.0087   0.2458  -0.3931   0.4156   4.6818 
 18.8000   0.2351   3.6882  -0.1581   4.0651  -0.3211   0.5072  -0.1420   0.8656   0.0979  -0.0096   0.2492  -0.3944   0.4059   4.7067 
 18.9000   0.1500   3.9881   0.0365   3.8098  -0.4856   0.6466   0.0009   0.8621   0.0998   0.0008   0.2471  -0.3944   0.3959   4.7314 
 19.0000   0.0486   3.9435   0.0041   3.7084  -0.4034   0.6656  -0.0312   1.0205   0.0963   0.0024   0.2467  -0.3940   0.3863   4.7561 
 19.1000   0.0284   4.1502  -0.0000   4.1218  -0.2882   0.6059  -0.0346   0.8889   0.1038  -0.0000   0.2677  -0.3935   0.3759   4.7828 
 19.2000   0.4418   4.1097  -0.0162   3.8706  -0.5020   0.3454  -0.0121   0.8084   0.1051  -0.0027   0.2453  -0.3930   0.3654   4.8074 
 19.3000   0.0284   3.5180  -0.0973   3.6517  -0.5375   0.7582  -0.0502   0.8760   0.0888  -0.0032   0.2350  -0.3925   0.3565   4.8309 
 19.4000   0.0122   3.9435   0.0608   4.1381  -0.4051   1.0153   0.0113   0.9625   0.1019  -0.0018   0.2600  -0.3915   0.3464   4.8569 
 19.5000  -0.0365   4.2921   0.0284   4.1502  -0.4536   0.6959   0.0528   0.6665   0.1054   0.0026   0.2744  -0.3897   0.3360   4.8843 
 19.6000   0.0041   3.4896   0.0365   3.5990  -0.3211   0.7461   0.0935   0.8136   0.0891  -0.0010   0.2288  -0.3883   0.3272   4.9072 
 19.7000   0.0405   4.1218   0.1824   4.1137  -0.2934   0.9452   0.1601   0.9686   0.1057   0.0019   0.2602  -0.3861   0.3169   4.9332 
 19.8000   0.2918   3.8706   0.2959   3.8665  -0.4752   0.7487   0.0381   0.8647   0.1041   0.0001   0.2321  -0.3838   0.3067   4.9564 
 19.9000  -0.0000   3.9557  -0.0243   4.1948  -0.5557   0.8431   0.0234   0.7712   0.1016  -0.0033   0.2654  -0.3816   0.2968   4.9830 
 20.0000   0.0365   4.3164   0.2959   3.9638  -0.5237   0.5055   0.0554   0.6327   0.1077   0.0076   0.2580  -0.3780   0.2866   5.0088 
 20.1000  -0.3323   3.8706   0.1459   3.4328  -0.2778   0.3800  -0.0935   0.9530   0.0890   0.0114   0.2432  -0.3743   0.2784   5.0331 
 20.2000   0.0122   3.7328   0.0243   4.2353  -0.0805   0.6535  -0.0684   1.0534   0.1001  -0.0061   0.2575  -0.3718   0.2687   5.0588 
 20.3000   0.2959   3.5504   0.0730   3.6031  -0.3367   0.7920  -0.0009   1.0196   0.0940  -0.0034   0.2203  -0.3689   0.2598   5.0809 
 20.4000   0.0162   3.8300  -0.3404   4.3286  -0.2986   1.0854   0.0312   1.0456   0.0979  -0.0107   0.2754  -0.3664   0.2503   5.1084 
 20.5000   0.1216   3.5747   0.2189   3.7976  -0.2588   1.2231   0.2493   0.8457   0.0964  -0.0016   0.2283  -0.3628   0.2413   5.1312 
 20.6000   0.2837   4.1218   0.4256   4.1462  -0.5046   1.2689   0.0104   1.0430   0.1122   0.0015   0.2454  -0.3581   0.2311   5.1558 
 20.7000  -0.0000   3.9678   0.0608   4.0408  -0.6189   1.0499  -0.0216   0.8084   0.1009  -0.0002   0.2580  -0.3538   0.2220   5.1816 
 20.8000   0.2351   4.7460   0.4053   4.2921  -0.6873   0.7115  -0.0597   0.6544   0.1210   0.0078   0.2727  -0.3476   0.2116   5.2089 
 20.9000  -0.0162   3.4166   0.0243   3.3923  -0.7383   0.5583  -0.3324   0.7150   0.0852   0.0008   0.2208  -0.3435   0.2041   5.2309 
 21.0000  -0.0000   3.7936  -0.0122   4.1097  -0.6613   1.1616  -0.1956   0.9703   0.0986  -0.0041   0.2570  -0.3389   0.1953   5.2566 
 21.1000  -0.0730   4.1462   0.0041   4.1705  -0.6968   0.9461  -0.1497   0.6466   0.1031   0.0007   0.2723  -0.3335   0.1866   5.2839 
 21.2000  -0.0000   3.3680   0.1621   3.5423  -0.6397   1.0162  -0.2147   0.8405   0.0884  -0.0002   0.2191  -0.3288   0.1791   5.3058 
 21.3000  -0.4418   4.2353  -0.0041   4.1502  -0.4362   1.1798  -0.1948   1.0413   0.0992   0.0065   0.2867  -0.3227   0.1712   5.3344 
 21.4000   0.1702   3.7125   0.0730   4.1462  -0.3081   0.8370  -0.0935   0.7504   0.1013  -0.0066   0.2473  -0.3173   0.1626   5.3592 
 21.5000  -0.0284   3.9881   0.0405   4.0894  -0.4691   0.9781  -0.0398   0.6803   0.1011  -0.0004   0.2619  -0.3113   0.1545   5.3854 
 21.6000   0.1135   4.1381   0.4134   3.9557  -0.3964   0.6968  -0.1272   0.6189   0.1078   0.0060   0.2457  -0.3041   0.1465   5.4099 
 21.7000   0.0162   3.6963  -0.0041   3.7936  -0.3722   0.6925  -0.2467   0.7522   0.0938  -0.0015   0.2428  -0.2982   0.1392   5.4342 
 21.8000  -0.0486   3.7368   0.0486   3.9516  -0.2380   0.9902  -0.0840   0.8266   0.0961  -0.0015   0.2496  -0.2919   0.1319   5.4592 
 21.9000   0.2067   4.4785   0.0851   3.7125  -0.2943   0.6094  -0.0684   0.9305   0.1060   0.0081   0.2565  -0.2841   0.1247   5.4848 
 22.0000   0.2959   3.5180  -0.0041   3.9070  -0.2900   0.7548  -0.2268   0.8335   0.0965  -0.0086   0.2316  -0.2780   0.1171   5.5080 
 22.1000  -0.0365   3.6882   0.1013   3.8341  -0.3367   1.2343  -0.1099   0.8993   0.0948  -0.0001   0.2421  -0.2712   0.1105   5.5322 
 22.2000   0.0041   4.0165   0.0527   4.2313  -0.2285   1.0612  -0.1125   0.8491   0.1038  -0.0021   0.2659  -0.2638   0.1033   5.5588 
 22.3000   0.0162   3.9030   0.2351   3.8949  -0.2190   0.9331  -0.1420   0.7401   0.1006   0.0028   0.2450  -0.2561   0.0968   5.5833 
 22.4000   0.1621   4.0651   0.3688   4.5960  -0.2510   0.8258  -0.3358   0.5367   0.1149  -0.0041   0.2640  -0.2475   0.0891   5.6097 
 22.5000  -0.0405   3.5017  -0.0122   3.5625  -0.5029   0.8379  -0.2441   0.5531   0.0876  -0.0004   0.2311  -0.2407   0.0836   5.6328 
 22.6000  -0.0608   3.8341   0.0243   3.8949  -0.3038   1.2231  -0.1143   0.9253   0.0962   0.0003   0.2521  -0.2331   0.0778   5.6580 
 22.7000   0.0486   4.8879   0.2310   3.5909  -0.2978   0.6284  -0.1904   0.8431   0.1095   0.0185   0.2662  -0.2231   0.0729   5.6846 
 22.8000   0.3769   3.4410  -0.2918   4.1583  -0.2086   0.6258  -0.4077   0.7444   0.0961  -0.0173   0.2440  -0.2161   0.0661   5.7090 
 22.9000  -0.0730   3.7368   0.1621   3.8098  -0.3679   1.2066  -0.1073   0.6691   0.0954   0.0020   0.2421  -0.2080   0.0610   5.7332 
 23.0000   0.1013   3.8057  -0.0243   4.2353  -0.2380   1.1149  -0.1627   0.7695   0.1015  -0.0069   0.2586  -0.1997   0.0551   5.7591 
 23.1000  -0.0405   3.9030   0.0770   3.9759  -0.3298   1.0820  -0.0346   0.4908   0.0989   0.0006   0.2546  -0.1911   0.0502   5.7845 
 23.2000   0.0405   3.7855   0.4661   3.7571  -0.2432   1.0664  -0.1930   0.6137   0.1006   0.0057   0.2284  -0.1820   0.0459   5.8074 
 23.3000  -0.0365   4.0773  -0.1135   4.2434  -0.3229   0.9997  -0.1991   0.6890   0.1021  -0.0030   0.2750  -0.1731   0.0410   5.8349 
 23.4000  -0.0000   3.8665  -0.0365   3.9314  -0.1965   0.9487  -0.0000   0.4259   0.0970  -0.0013   0.2544  -0.1644   0.0367   5.8603 
 23.5000  -0.0000   4.0975   0.4175   3.5788  -0.1783   0.9625  -0.0641   0.7184   0.1012   0.0117   0.2357  -0.1547   0.0336   5.8839 
 23.6000   0.4539   3.7733  -0.1135   4.4137  -0.3281   0.9435  -0.2008   0.5747   0.1066  -0.0151   0.2548  -0.1455   0.0280   5.9094 
 23.7000  -0.0527   3.5058   0.3931   3.7206  -0.5341   1.3512  -0.1290   0.3099   0.0946   0.0029   0.2236  -0.1365   0.0249   5.9317 
 23.8000  -0.1256   4.1867   0.1337   4.1218  -0.4189   1.1763  -0.2250   0.6803   0.1040   0.0041   0.2695  -0.1266   0.0217   5.9587 
 23.9000   0.0486   3.7814   0.0041   3.8908  -0.3739   0.9582  -0.1697   0.4994   0.0966  -0.0019   0.2474  -0.1175   0.0184   5.9834 
 24.0000   0.0892   3.8827   0.2918   4.3407  -0.4475   1.1105  -0.2406   0.3523   0.1076  -0.0032   0.2546  -0.1074   0.0149   6.0089 
 24.1000  -0.1621   3.7084   0.0365   3.5625  -0.5583   1.1088  -0.2103   0.5176   0.0893   0.0043   0.2402  -0.0987   0.0129   6.0329 
 24.2000  -0.0486   3.8300  -0.0284   4.0165  -0.3090   1.3676  -0.1194   0.7383   0.0971  -0.0021   0.2573  -0.0893   0.0103   6.0586 
 24.3000  -0.0162   4.1462   0.1743   3.6112  -0.3263   1.0144  -0.0684   0.7357   0.0989   0.0091   0.2467  -0.0794   0.0090   6.0833 
 24.4000   0.2351   3.5869  -0.0527   4.1826  -0.3038   1.3364  -0.1636   0.7678   0.0994  -0.0110   0.2463  -0.0699   0.0059   6.1079 
 24.5000  -0.1256   4.1705   0.0892   4.1867  -0.4068   1.4161  -0.0087   0.4821   0.1040   0.0025   0.2725  -0.0596   0.0044   6.1352 
 24.6000   0.1743   3.9516   0.1459   4.0165  -0.3107   1.1720  -0.0312   0.4527   0.1036  -0.0012   0.2483  -0.0494   0.0027   6.1600 
 24.7000   0.0041   4.1745   0.0162   4.2353  -0.3817   1.0612  -0.0208   0.2683   0.1054  -0.0006   0.2724  -0.0390   0.0014   6.1872 
 24.8000   0.1337   4.1016   0.5107   2.9830  -0.4068   0.8370  -0.1402   0.6440   0.0966   0.0187   0.2091  -0.0292   0.0023   6.2082 
 24.9000   0.1216   3.8949  -0.1824   4.4015  -0.2501   1.0075  -0.4414   0.7409   0.1029  -0.0101   0.2713  -0.0190   0.0005   6.2353 
 25.0000   0.0365   3.6639   0.0284   3.6760  -0.3358   1.1131  -0.0822   0.4241   0.0926  -0.0003   0.2362  -0.0097   0.0000   6.2589 
 25.1000   0.1135   4.1462   0.1094   3.7084  -0.3125   1.0473  -0.2025   0.8353   0.1010   0.0054   0.2478   0.0004   0.0003   6.2837 
