  0.1000  -0.0000   0.0000  -0.0000   0.0000  -0.0857   0.0892  -0.0407  -0.1385   0.0000   0.0000   0.0000   0.0000   0.0000   0.0000 
  0.2000   0.6809   0.8065   0.7944   0.7214   0.5124   0.7634   0.5064   0.3878   0.0375   0.0025   0.0017   0.0038   0.0002   0.0002 
  0.3000   1.4266   1.4834   1.4631   1.4104   0.3635   0.6500   0.4449   0.3151   0.0723   0.0014   0.0001   0.0110   0.0004   0.0002 
  0.4000   1.8887   1.9211   1.9941   1.9089   0.2761   0.5384   0.3445   0.2190   0.0964   0.0015  -0.0017   0.0206   0.0005   0.0000 
  0.5000   2.0832   2.1075   2.1764   2.2048   0.2623   0.5081   0.3177   0.1714   0.1071  -0.0001   0.0017   0.0313   0.0005   0.0002 
  0.6000   2.3386   2.3710   2.3629   2.3467   0.1896   0.3687   0.2389   0.1281   0.1177   0.0006   0.0005   0.0431   0.0006   0.0002 
  0.7000   2.5169   2.5169   2.6425   2.4845   0.1047   0.2830   0.0987   0.0701   0.1270   0.0020  -0.0051   0.0558   0.0008  -0.0003 
  0.8000   2.4926   2.2737   2.4237   2.4682   0.1013   0.3921   0.1558   0.0632   0.1207  -0.0033  -0.0057   0.0679   0.0005  -0.0008 
  0.9000   2.4115   2.6912   2.4561   2.4358   0.0987   0.1359   0.1099   0.0528   0.1249   0.0037   0.0084   0.0804   0.0008   0.0000 
  1.0000   2.2615   2.2008   2.2008   2.2778   0.1056   0.3462   0.1896   0.0580   0.1118  -0.0017   0.0005   0.0916   0.0007   0.0001 
  1.1000   2.1886   2.2494   2.3223   2.2534   0.1480   0.3073   0.1385   0.0718   0.1127   0.0016  -0.0003   0.1028   0.0008   0.0000 
  1.2000   2.2615   2.1075   2.1197   2.1197   0.0848   0.3826   0.2043   0.0995   0.1076  -0.0019  -0.0050   0.1136   0.0006  -0.0005 
  1.3000   2.0427   1.9859   2.2008   2.0913   0.1722   0.4120   0.1575   0.1229   0.1040   0.0007  -0.0054   0.1240   0.0007  -0.0010 
  1.4000   2.0954   1.9738   2.1197   2.2413   0.1333   0.4354   0.1662   0.0260   0.1054  -0.0030  -0.0000   0.1345   0.0004  -0.0010 
  1.5000   2.0467   2.1035   2.0467   2.1075   0.1471   0.3644   0.2034   0.0649   0.1038  -0.0001   0.0038   0.1449   0.0004  -0.0006 
  1.6000   2.1764   2.0832   2.2615   2.1440   0.1203   0.3609   0.0779   0.0450   0.1083   0.0003  -0.0068   0.1557   0.0004  -0.0013 
  1.7000   2.1562   2.0184   1.9576   2.0346   0.1151   0.3895   0.2268   0.0779   0.1021  -0.0027  -0.0020   0.1659   0.0001  -0.0015 
  1.8000   2.0305   1.9981   2.1197   1.9981   0.1835   0.4259   0.1610   0.1420   0.1018   0.0011  -0.0050   0.1761   0.0002  -0.0020 
  1.9000   1.9252   2.0184   2.0548   2.1319   0.1939   0.4051   0.1792   0.0684   0.1016   0.0002   0.0055   0.1863   0.0002  -0.0015 
  2.0000   2.0792   2.0711   2.1278   2.1035   0.1610   0.3886   0.1532   0.0788   0.1048   0.0002  -0.0011   0.1968   0.0002  -0.0016 
  2.1000   2.1683   2.0832   2.2737   2.0913   0.1489   0.3982   0.0718   0.0805   0.1077   0.0012  -0.0087   0.2075   0.0003  -0.0024 
  2.2000   1.9454   2.0670   2.0103   1.9819   0.2553   0.4085   0.1930   0.1402   0.1001   0.0019   0.0030   0.2175   0.0005  -0.0021 
  2.3000   1.9373   1.9495   1.9941   1.8036   0.2891   0.4518   0.2190   0.2753   0.0961   0.0025  -0.0058   0.2271   0.0007  -0.0027 
  2.4000   2.0589   2.4115   2.1643   2.1886   0.2406   0.2043   0.1333   0.0909   0.1103   0.0041   0.0122   0.2382   0.0011  -0.0015 
  2.5000   2.1278   2.1400   2.1035   2.2372   0.2069   0.3549   0.1722   0.0684   0.1076  -0.0015   0.0047   0.2489   0.0009  -0.0010 
  2.6000   2.0346   2.0589   2.2656   2.1197   0.2623   0.3999   0.0874   0.1117   0.1060   0.0021  -0.0039   0.2595   0.0011  -0.0014 
  2.7000   2.1886   2.0184   2.0670   2.0103   0.1826   0.4103   0.1774   0.1584   0.1036  -0.0014  -0.0074   0.2699   0.0010  -0.0021 
  2.8000   2.0954   2.0832   2.1156   1.9495   0.2181   0.3956   0.1428   0.2147   0.1030   0.0019  -0.0058   0.2802   0.0011  -0.0027 
  2.9000   2.1156   2.3831   2.1400   2.2170   0.2138   0.2138   0.1238   0.0727   0.1107   0.0024   0.0112   0.2913   0.0013  -0.0016 
  3.0000   2.0792   2.1156   2.0346   2.0548   0.2259   0.3592   0.1766   0.1402   0.1036   0.0002   0.0018   0.3016   0.0013  -0.0014 
  3.1000   2.0184   2.0670   2.2008   2.0832   0.2553   0.3566   0.0892   0.1324   0.1046   0.0021  -0.0022   0.3121   0.0015  -0.0016 
  3.2000   2.2656   2.0548   2.0711   2.0954   0.1376   0.3713   0.1627   0.1281   0.1061  -0.0029  -0.0061   0.3227   0.0012  -0.0023 
  3.3000   2.0792   2.0305   2.1521   2.1643   0.2112   0.4060   0.1342   0.1056   0.1053  -0.0008  -0.0012   0.3332   0.0011  -0.0024 
  3.4000   2.0548   2.0224   2.0305   2.1886   0.2250   0.3930   0.1783   0.0788   0.1037  -0.0024   0.0041   0.3436   0.0009  -0.0020 
  3.5000   2.1400   2.1156   2.0467   2.0711   0.1783   0.3237   0.1844   0.1246   0.1047  -0.0006   0.0000   0.3541   0.0008  -0.0020 
  3.6000   2.1683   2.1562   2.3223   2.1805   0.1835   0.3029   0.0467   0.0805   0.1103   0.0016  -0.0050   0.3651   0.0009  -0.0025 
  3.7000   2.3588   2.0954   2.1156   2.1197   0.0866   0.3506   0.1229   0.0995   0.1086  -0.0033  -0.0084   0.3760   0.0006  -0.0033 
  3.8000   2.1278   2.0670   2.1197   2.1440   0.1809   0.3661   0.1151   0.0935   0.1057  -0.0011  -0.0012   0.3865   0.0004  -0.0034 
  3.9000   2.0224   2.0062   2.0467   2.1926   0.2138   0.4181   0.1471   0.0632   0.1034  -0.0020   0.0042   0.3969   0.0002  -0.0030 
  4.0000   2.0954   2.1035   1.9819   2.0954   0.1844   0.3783   0.1904   0.0900   0.1035  -0.0013   0.0039   0.4072   0.0000  -0.0026 
  4.1000   2.1035   2.0103   2.0062   2.0467   0.1714   0.4008   0.1731   0.1030   0.1021  -0.0017  -0.0017   0.4174  -0.0002  -0.0028 
  4.2000   2.0711   2.0711   2.0589   2.0670   0.1774   0.3705   0.1653   0.1177   0.1034  -0.0001   0.0003   0.4278  -0.0002  -0.0028 
  4.3000   2.0954   2.0832   2.1521   2.1197   0.1774   0.3687   0.1047   0.0935   0.1056   0.0003  -0.0014   0.4383  -0.0002  -0.0029 
  4.4000   2.0792   2.0305   2.0589   2.1643   0.2008   0.3826   0.1489   0.0537   0.1042  -0.0019   0.0018   0.4487  -0.0004  -0.0027 
  4.5000   2.0913   2.1197   2.0103   2.1319   0.2164   0.3592   0.1722   0.0632   0.1044  -0.0012   0.0049   0.4592  -0.0006  -0.0022 
  4.6000   2.1562   2.0427   2.2291   2.1278   0.1714   0.4276   0.0718   0.0571   0.1069  -0.0002  -0.0070   0.4699  -0.0006  -0.0029 
  4.7000   2.0062   2.0062   2.0103   1.9738   0.2718   0.4354   0.1757   0.1420   0.1000   0.0005  -0.0012   0.4799  -0.0006  -0.0030 
  4.8000   2.0711   1.9333   2.1075   2.0792   0.2017   0.4795   0.1333   0.1004   0.1024  -0.0014  -0.0054   0.4901  -0.0008  -0.0036 
  4.9000   1.9738   2.0711   2.0670   2.0589   0.2571   0.4042   0.1558   0.1073   0.1021   0.0013   0.0029   0.5003  -0.0007  -0.0033 
  5.0000   2.1156   2.0832   2.1035   2.1197   0.2337   0.4060   0.1368   0.0779   0.1053  -0.0006  -0.0005   0.5108  -0.0008  -0.0033 
  5.1000   2.2170   2.1075   2.2413   2.1521   0.1800   0.4085   0.0675   0.0692   0.1090  -0.0003  -0.0064   0.5217  -0.0008  -0.0040 
  5.2000   0.3404   1.3294   1.5604   0.3080  -0.7911   0.8309   0.4596  -0.9045   0.0442   0.0280  -0.0086   0.5262   0.0019  -0.0048 
  5.3000  -0.0486   0.9727   1.2280  -0.4053  -1.1616   1.2525   0.7479  -1.0889   0.0218   0.0332  -0.0199   0.5284   0.0052  -0.0068 
  5.4000  -0.5634   1.1227   1.2686  -0.8309  -1.3373   1.3018   0.8413  -1.3010   0.0125   0.0473  -0.0134   0.5297   0.0100  -0.0082 
  5.5000  -1.0740   1.2929   1.6577  -1.3983  -1.4074   1.3581   0.7461  -1.2836   0.0060   0.0678  -0.0224   0.5303   0.0167  -0.0104 
  5.6000  -1.6333   1.5604   1.7306  -1.9616  -1.3598   1.3624   0.7937  -1.1521  -0.0038   0.0861  -0.0162   0.5300   0.0254  -0.0120 
  5.7000  -2.4115   1.9454   1.5969  -1.8603  -0.9781   1.2127   0.9374  -1.3780  -0.0091   0.0977   0.0292   0.5292   0.0351  -0.0091 
  5.8000  -2.7357   2.2737   1.5685  -2.7114  -0.8335   1.0872   1.0387  -0.9365  -0.0201   0.1161   0.0237   0.5273   0.0468  -0.0067 
  5.9000  -2.6506   2.1643   2.0346  -2.4926  -0.8924   1.1226   0.8708  -1.0993  -0.0118   0.1168   0.0093   0.5262   0.0584  -0.0058 
  6.0000  -2.2494   2.4601   2.1805  -2.5453  -1.0768   1.0075   0.7747  -1.0170  -0.0019   0.1179  -0.0005   0.5261   0.0702  -0.0059 
  6.1000  -2.2372   2.0589   2.2615  -2.5817  -1.0136   1.1988   0.7236  -0.9677  -0.0062   0.1142  -0.0178   0.5255   0.0817  -0.0076 
  6.2000  -2.8127   2.3750   1.9089  -2.6425  -0.6388   1.0067   0.8985  -0.8439  -0.0146   0.1217   0.0207   0.5242   0.0939  -0.0056 
  6.3000  -2.4318   2.2251   1.8846  -2.2372  -0.7894   1.0439   0.9504  -1.0707  -0.0070   0.1097   0.0174   0.5235   0.1048  -0.0038 
  6.4000  -2.6020   1.8968   2.3953  -2.2372  -0.5773   1.2897   0.6890  -1.0413  -0.0068   0.1141  -0.0043   0.5229   0.1162  -0.0043 
  6.5000  -1.9576   2.0103   2.2372  -2.2413  -0.9859   1.2222   0.7253  -1.0049   0.0006   0.1056  -0.0166   0.5230   0.1268  -0.0059 
  6.6000  -1.9089   1.9576   2.1562  -2.0224  -0.9850   1.2412   0.7504  -1.0473   0.0023   0.1006  -0.0101   0.5233   0.1369  -0.0069 
  6.7000  -2.2859   2.2413   2.3710  -2.0305  -0.7721   1.0785   0.6743  -1.0932   0.0037   0.1116   0.0041   0.5237   0.1480  -0.0065 
  6.8000  -1.9941   2.2129   1.9333  -1.9252  -0.9443   1.0889   0.9184  -1.1330   0.0028   0.1008   0.0113   0.5241   0.1581  -0.0054 
  6.9000  -2.2170   1.7387   2.3102  -2.0427  -0.7634   1.3512   0.6665  -1.0880  -0.0026   0.1039  -0.0129   0.5239   0.1685  -0.0067 
  7.0000  -1.7752   2.0832   2.3386  -2.2291  -1.0742   1.1910   0.6154  -0.9781   0.0052   0.1053  -0.0230   0.5245   0.1790  -0.0090 
  7.1000  -2.1035   2.1764   2.0913  -2.3021  -0.9634   1.1443   0.7409  -0.9565  -0.0017   0.1084  -0.0037   0.5244   0.1899  -0.0094 
  7.2000  -2.2494   2.2291   1.7792  -1.9373  -0.8448   1.0647   0.9305  -1.1166  -0.0022   0.1024   0.0247   0.5243   0.2001  -0.0069 
  7.3000  -2.0711   2.2008   1.8157  -1.8644  -0.9218   1.0837   0.9634  -1.2083   0.0010   0.0994   0.0192   0.5244   0.2100  -0.0050 
  7.4000  -2.4358   1.8765   2.2534  -2.1075  -0.7089   1.2776   0.6795  -1.0846  -0.0052   0.1084  -0.0016   0.5240   0.2209  -0.0051 
  7.5000  -1.8765   2.1156   2.3223  -2.1075  -0.9971   1.1209   0.6639  -1.0361   0.0057   0.1053  -0.0142   0.5246   0.2314  -0.0065 
  7.6000  -2.0184   2.0670   2.0346  -2.2129  -0.9911   1.1746   0.8007  -1.0569  -0.0016   0.1042  -0.0053   0.5245   0.2418  -0.0071 
  7.7000  -2.1764   2.2251   1.7509  -1.8765  -0.8829   1.0534   0.9608  -1.2205  -0.0010   0.1004   0.0251   0.5245   0.2519  -0.0046 
  7.8000  -1.9616   2.1075   1.8117  -1.9089  -1.0032   1.1365   0.9902  -1.2378   0.0006   0.0974   0.0113   0.5246   0.2616  -0.0034 
  7.9000  -2.0832   1.7874   2.1805  -2.0305  -0.9132   1.3304   0.7773  -1.1876  -0.0018   0.1010  -0.0111   0.5244   0.2717  -0.0045 
  8.0000  -1.6293   1.7914   2.2291  -2.1400  -1.1954   1.3165   0.7548  -1.1097   0.0031   0.0974  -0.0308   0.5248   0.2814  -0.0076 
  8.1000  -1.9211   1.9454   2.1521  -1.9333  -1.1149   1.2845   0.7877  -1.2317   0.0030   0.0994  -0.0071   0.5252   0.2914  -0.0083 
  8.2000  -2.2129   2.2615   1.8765  -1.9454  -0.9288   1.1218   0.9469  -1.2672  -0.0003   0.1037   0.0212   0.5252   0.3017  -0.0062 
  8.3000  -2.0913   2.1278   1.9941  -1.9697  -0.9919   1.1850   0.9071  -1.2793   0.0008   0.1023   0.0083   0.5254   0.3120  -0.0054 
  8.4000  -2.0954   1.6941   2.4196  -2.1805  -0.9989   1.4490   0.6812  -1.1486  -0.0020   0.1049  -0.0263   0.5252   0.3225  -0.0080 
  8.5000  -1.7995   1.7185   2.0224  -2.0224  -1.2412   1.4966   0.8837  -1.2282  -0.0010   0.0945  -0.0171   0.5252   0.3319  -0.0097 
  8.6000  -2.0346   2.0346   2.0062  -1.9738  -1.1045   1.3183   0.9045  -1.3018   0.0004   0.1006   0.0029   0.5253   0.3420  -0.0094 
  8.7000  -2.5777   2.4804   2.0792  -2.3102  -0.7963   1.0923   0.8690  -1.0629  -0.0041   0.1181   0.0217   0.5250   0.3538  -0.0073 
  8.8000  -2.3467   2.2859   1.9819  -2.1683  -0.8812   1.1374   0.9184  -1.1408  -0.0031   0.1098   0.0157   0.5248   0.3648  -0.0057 
  8.9000  -2.0346   1.8968   2.3831  -2.2413  -1.0162   1.3763   0.6812  -1.0915   0.0001   0.1069  -0.0225   0.5249   0.3755  -0.0079 
  9.0000  -1.9252   2.4439   2.2980  -2.1805  -1.0664   1.0621   0.6951  -1.1105   0.0080   0.1106  -0.0036   0.5258   0.3865  -0.0083 
  9.1000  -2.1521   2.1926   2.1035  -2.0589  -0.9443   1.2023   0.7981  -1.1746   0.0011   0.1063   0.0059   0.5259   0.3972  -0.0077 
  9.2000  -2.4439   2.3102   1.7630  -2.0589  -0.7184   1.0785   0.9798  -1.1123  -0.0054   0.1072   0.0303   0.5255   0.4079  -0.0047 
  9.3000  -2.1683   2.0427   1.8522  -2.1400  -0.8690   1.2378   0.9582  -1.1175  -0.0052   0.1025   0.0071   0.5250   0.4181  -0.0040 
  9.4000  -1.8400   1.7549   2.2778  -2.1400  -1.0378   1.4265   0.7228  -1.1088   0.0007   0.1002  -0.0267   0.5251   0.4281  -0.0066 
  9.5000  -1.8846   2.4358   2.3264  -2.3467  -1.0534   1.0586   0.6552  -0.9824   0.0066   0.1124  -0.0114   0.5259   0.4394  -0.0078 
  9.6000  -2.0589   2.1197   2.0548  -2.2372  -0.9262   1.2386   0.8050  -0.9954  -0.0015   0.1059  -0.0037   0.5258   0.4500  -0.0081 
  9.7000  -2.3021   2.0792   1.7549  -1.8968  -0.8041   1.2300   0.9833  -1.2109  -0.0046   0.1004   0.0237   0.5254   0.4600  -0.0058 
  9.8000  -1.8157   1.9819   1.9008  -2.0346  -1.0681   1.3226   0.9236  -1.1313   0.0004   0.0967  -0.0045   0.5255   0.4697  -0.0062 
  9.9000  -1.8887   1.7630   2.3021  -2.1562  -1.0127   1.4767   0.6864  -1.0551   0.0003   0.1014  -0.0262   0.5256   0.4798  -0.0088 
 10.0000  -1.8522   2.1075   2.3386  -2.1683  -1.0958   1.2681   0.6397  -1.0413   0.0053   0.1058  -0.0178   0.5262   0.4904  -0.0106 
 10.1000  -2.0305   2.2129   1.9941  -2.2494  -0.9876   1.2542   0.8370  -0.9937  -0.0009   0.1061  -0.0000   0.5263   0.5010  -0.0106 
 10.2000  -2.2129   0.5512  -0.0527  -2.0305  -0.8794   0.0563  -0.0476  -1.1036  -0.0468   0.0593   0.0255   0.5216   0.5070  -0.0081 
 10.3000  -2.1764  -0.7903  -1.1227  -2.1035  -0.9106   0.1679  -0.0589  -1.0742  -0.0774   0.0296   0.0132   0.5139   0.5100  -0.0068 
 10.4000  -2.5453  -1.1551  -1.4145  -1.9454  -0.7184  -0.0580  -0.0459  -1.1988  -0.0883   0.0240   0.0279   0.5051   0.5125  -0.0040 
 10.5000  -2.4237  -1.0457  -1.7428  -1.9008  -0.6630  -0.3281  -0.1004  -1.2222  -0.0889   0.0192   0.0396   0.4962   0.5144   0.0000 
 10.6000  -2.2778  -1.4712  -1.8765  -2.1886  -0.7089  -0.4813  -0.2121  -1.0768  -0.0977   0.0140   0.0161   0.4865   0.5158   0.0016 
 10.7000  -2.3953  -1.7063  -2.0103  -2.6790  -0.5912  -0.0701  -0.2527  -0.7513  -0.1099   0.0170   0.0007   0.4755   0.5175   0.0017 
 10.8000  -2.8452  -1.5239  -2.0427  -2.0184  -0.2666  -0.7072  -0.3107  -1.1477  -0.1054   0.0162   0.0437   0.4649   0.5191   0.0060 
 10.9000  -2.2494  -2.2494  -2.4196  -2.5574  -0.5540  -0.2952  -0.1394  -0.8050  -0.1184   0.0017  -0.0045   0.4531   0.5192   0.0056 
 11.0000  -2.3710  -2.2413  -2.2656  -2.4358  -0.4163  -0.0666  -0.2043  -0.8266  -0.1164   0.0037  -0.0013   0.4414   0.5195   0.0055 
 11.1000  -2.5209  -2.3710  -2.3223  -2.3872  -0.2640  -0.0779  -0.1627  -0.7998  -0.1200   0.0027   0.0028   0.4294   0.5197   0.0057 
 11.2000  -2.3345  -2.5290  -2.2048  -2.4196  -0.2917  -0.1324  -0.2095  -0.7124  -0.1186   0.0003  -0.0133   0.4176   0.5197   0.0044 
 11.3000  -2.4358  -2.4845  -2.2372  -2.5047  -0.1965  -0.0952  -0.1792  -0.6024  -0.1208   0.0027  -0.0103   0.4055   0.5199   0.0034 
 11.4000  -2.3386  -2.3223  -2.2251  -2.4318  -0.1835  -0.1065  -0.1671  -0.5869  -0.1165   0.0028  -0.0062   0.3938   0.5201   0.0028 
 11.5000  -2.2170  -2.0954  -2.2291  -2.3386  -0.2268  -0.0926  -0.1402  -0.5791  -0.1110   0.0029   0.0004   0.3827   0.5204   0.0028 
 11.6000  -2.2413  -2.2656  -2.2413  -2.7398  -0.1523  -0.0623  -0.1376  -0.2865  -0.1186   0.0059  -0.0170   0.3709   0.5210   0.0011 
 11.7000  -2.2980  -2.0913  -2.0792  -2.0832  -0.1437  -0.0874  -0.2103  -0.6197  -0.1069   0.0026   0.0066   0.3602   0.5212   0.0018 
 11.8000  -2.1319  -2.1886  -2.2291  -2.1926  -0.1818  -0.0814  -0.1117  -0.5444  -0.1093  -0.0012  -0.0007   0.3493   0.5211   0.0017 
 11.9000  -2.1035  -2.1156  -2.1805  -2.1440  -0.1818  -0.0995  -0.1272  -0.5462  -0.1068  -0.0006   0.0008   0.3386   0.5210   0.0018 
 12.0000  -2.1075  -2.1197  -2.0346  -2.1926  -0.1740  -0.1021  -0.1999  -0.5081  -0.1057   0.0018  -0.0055   0.3280   0.5212   0.0012 
 12.1000  -2.0913  -2.1562  -1.9941  -2.0589  -0.1904  -0.1125  -0.2311  -0.5332  -0.1038   0.0000  -0.0042   0.3176   0.5211   0.0008 
 12.2000  -2.2129  -2.1035  -1.9454  -2.0062  -0.1212  -0.1246  -0.2649  -0.5773  -0.1034   0.0021   0.0016   0.3073   0.5213   0.0010 
 12.3000  -2.0305  -2.0589  -2.1035  -2.0670  -0.2242  -0.1316  -0.1956  -0.5496  -0.1032  -0.0008   0.0003   0.2970   0.5213   0.0010 
 12.4000  -2.0548  -2.0954  -2.1035  -2.0224  -0.2294  -0.1549  -0.2051  -0.5540  -0.1035  -0.0015   0.0013   0.2866   0.5211   0.0011 
 12.5000  -2.0467  -2.0184  -2.0427  -2.1319  -0.2441  -0.2103  -0.2432  -0.5003  -0.1030   0.0015  -0.0020   0.2763   0.5212   0.0009 
 12.6000  -2.0832  -2.1764  -2.0670  -2.1035  -0.2320  -0.1342  -0.2657  -0.5072  -0.1054  -0.0007  -0.0042   0.2658   0.5211   0.0005 
 12.7000  -2.2494  -2.1440  -2.0062  -2.0711  -0.1394  -0.1497  -0.2761  -0.5159  -0.1059   0.0021   0.0013   0.2552   0.5214   0.0006 
 12.8000  -2.1278  -2.1440  -2.2008  -2.1278  -0.1887  -0.1506  -0.1826  -0.4735  -0.1075  -0.0011   0.0018   0.2445   0.5212   0.0008 
 12.9000  -2.1278  -2.0832  -2.1035  -2.0954  -0.1818  -0.1636  -0.2103  -0.5020  -0.1051   0.0005   0.0017   0.2340   0.5213   0.0010 
 13.0000  -2.1319  -2.0548  -2.1156  -2.2291  -0.1870  -0.1939  -0.2181  -0.4120  -0.1066   0.0024  -0.0012   0.2233   0.5215   0.0009 
 13.1000  -2.0184  -2.1035  -2.0954  -2.0832  -0.2432  -0.1714  -0.2398  -0.4908  -0.1038  -0.0012  -0.0024   0.2129   0.5214   0.0006 
 13.2000  -2.1683  -2.0548  -2.0427  -2.0589  -0.1506  -0.1567  -0.2701  -0.4942  -0.1041   0.0016   0.0032   0.2025   0.5215   0.0009 
 13.3000  -2.0103  -2.0548  -2.3102  -2.0913  -0.2069  -0.1584  -0.1333  -0.4813  -0.1058  -0.0033   0.0057   0.1919   0.5212   0.0015 
 13.4000  -2.0792  -2.0062  -1.9738  -2.0589  -0.2060  -0.2190  -0.2787  -0.5124  -0.1015   0.0020  -0.0004   0.1818   0.5214   0.0015 
 13.5000  -2.1562  -1.9941  -2.1197  -2.2372  -0.1878  -0.2476  -0.2147  -0.4051  -0.1063   0.0035   0.0014   0.1711   0.5217   0.0016 
 13.6000  -2.0184  -2.1075  -2.0792  -2.0711  -0.2450  -0.1740  -0.2467  -0.4700  -0.1035  -0.0012  -0.0026   0.1608   0.5216   0.0014 
 13.7000  -2.3102  -2.1278  -2.0224  -2.0832  -0.1203  -0.1826  -0.2960  -0.4717  -0.1068   0.0030   0.0039   0.1501   0.5219   0.0018 
 13.8000  -2.1035  -2.1319  -2.2656  -2.1400  -0.1826  -0.1740  -0.1800  -0.4397  -0.1080  -0.0019   0.0032   0.1393   0.5216   0.0021 
 13.9000  -2.0832  -2.0589  -2.0589  -2.0711  -0.2008  -0.1930  -0.2588  -0.4631  -0.1034   0.0005   0.0004   0.1290   0.5217   0.0021 
 14.0000  -2.1319  -1.9819  -2.1156  -2.3750  -0.1835  -0.2302  -0.2302  -0.3211  -0.1076   0.0051  -0.0036   0.1182   0.5222   0.0018 
 14.1000  -2.0913  -2.2737  -2.0792  -2.0467  -0.2051  -0.1039  -0.2527  -0.4553  -0.1061  -0.0027  -0.0049   0.1076   0.5219   0.0013 
 14.2000  -1.9697  -1.9738  -1.9252  -1.9697  -0.2917  -0.2380  -0.3601  -0.5375  -0.0980   0.0005  -0.0016   0.0978   0.5219   0.0011 
 14.3000  -2.1035  -2.0792  -2.1156  -2.1562  -0.1991  -0.1991  -0.2709  -0.4276  -0.1057   0.0008  -0.0005   0.0872   0.5220   0.0011 
 14.4000  -2.1805  -2.1683  -2.1683  -2.1440  -0.1489  -0.1523  -0.2285  -0.3938  -0.1083  -0.0002   0.0012   0.0764   0.5219   0.0012 
 14.5000  -2.0467  -1.9819  -2.1319  -2.5777  -0.1999  -0.2450  -0.2441  -0.1861  -0.1092   0.0064  -0.0124   0.0655   0.5226  -0.0001 
 14.6000  -2.1319  -2.2251  -2.1562  -2.0832  -0.1662  -0.1125  -0.2380  -0.3973  -0.1075  -0.0021  -0.0007   0.0547   0.5224  -0.0001 
 14.7000  -1.9819  -2.0346  -2.0589  -2.0184  -0.2173  -0.1800  -0.2969  -0.4475  -0.1012  -0.0012  -0.0004   0.0446   0.5223  -0.0002 
 14.8000  -2.1400  -2.1562  -2.1562  -2.1319  -0.1653  -0.1177  -0.2346  -0.3774  -0.1073  -0.0005   0.0003   0.0339   0.5222  -0.0001 
 14.9000  -2.1319  -2.1278  -2.2251  -2.1156  -0.1549  -0.1272  -0.1991  -0.3635  -0.1075  -0.0013   0.0037   0.0231   0.5221   0.0002 
 15.0000  -2.0589  -1.9576  -2.1521  -2.2980  -0.2069  -0.2458  -0.2259  -0.2415  -0.1058   0.0031  -0.0014   0.0126   0.5224   0.0001 
 15.1000  -2.0792  -2.1764  -2.0711  -2.0913  -0.2173  -0.1169  -0.2588  -0.3834  -0.1052  -0.0010  -0.0038   0.0020   0.5223  -0.0003 
 15.2000  -0.2837  -1.5604  -1.3010  -0.2472   0.8258  -0.5046  -0.7548   0.6423  -0.0424  -0.0291  -0.0072  -0.0022   0.5194  -0.0010 
 15.3000   0.4499  -1.0862  -1.0740   0.2432   0.9539  -0.9218  -1.0136   0.9513  -0.0183  -0.0357  -0.0071  -0.0040   0.5158  -0.0017 
 15.4000   0.8146  -1.0821  -1.5320   0.7093   1.1772  -1.0439  -0.9028   1.1426  -0.0136  -0.0517   0.0112  -0.0054   0.5106  -0.0006 
 15.5000   1.4591  -1.3537  -1.4834   1.3861   1.1460  -1.0621  -1.0188   1.1105   0.0001  -0.0710   0.0018  -0.0054   0.5035  -0.0004 
 15.6000   1.9859  -1.4388  -1.8522   1.9211   1.0534  -1.1071  -0.9037   1.0075   0.0077  -0.0900   0.0113  -0.0046   0.4945   0.0007 
 15.7000   2.0670  -1.9941  -1.8522   2.3507   1.1183  -0.8950  -1.0075   0.8612   0.0071  -0.1033   0.0046  -0.0039   0.4842   0.0012 
 15.8000   2.0711  -1.8400  -1.9576   2.6020   1.1954  -1.0499  -0.9902   0.7427   0.0109  -0.1059   0.0211  -0.0028   0.4736   0.0033 
 15.9000   2.6628  -2.0954  -2.1319   2.3467   0.8543  -0.9270  -0.9166   0.8777   0.0098  -0.1155  -0.0091  -0.0018   0.4621   0.0024 
 16.0000   2.5939  -2.1643  -2.2251   2.1400   0.8647  -0.9270  -0.8915   0.9945   0.0043  -0.1140  -0.0128  -0.0013   0.4507   0.0011 
 16.1000   2.6182  -2.3386  -2.0711   2.6506   0.8084  -0.8275  -0.9772   0.6873   0.0107  -0.1210  -0.0076  -0.0003   0.4386   0.0003 
 16.2000   2.1643  -2.5047  -2.1926   2.5331   1.0352  -0.7106  -0.8898   0.7089   0.0000  -0.1174   0.0018  -0.0002   0.4268   0.0005 
 16.3000   2.2899  -2.1035  -2.2170   2.6547   0.9426  -0.9539  -0.8474   0.5644   0.0078  -0.1158   0.0155   0.0005   0.4153   0.0021 
 16.4000   2.5655  -2.1562  -2.4115   1.8036   0.7340  -0.9305  -0.7435   1.0196  -0.0025  -0.1117  -0.0164   0.0003   0.4041   0.0004 
 16.5000   2.2251  -1.9252  -2.0427   1.9616   0.8483  -1.0240  -0.9478   0.9365   0.0027  -0.1019  -0.0047   0.0006   0.3939  -0.0001 
 16.6000   2.2534  -2.1926  -1.9697   2.2980   0.8344  -0.8569  -0.9625   0.7496   0.0049  -0.1089  -0.0058   0.0011   0.3830  -0.0006 
 16.7000   1.8481  -2.3993  -2.0913   2.3264   1.0499  -0.7288  -0.9158   0.6994  -0.0040  -0.1083   0.0055   0.0007   0.3722  -0.0001 
 16.8000   1.9454  -1.7874  -2.1197   2.2656   1.0309  -1.0707  -0.8950   0.7020   0.0038  -0.1015   0.0212   0.0011   0.3620   0.0020 
 16.9000   2.2778  -1.8725  -2.4075   1.8279   0.8353  -1.0517  -0.7600   0.9305  -0.0022  -0.1048   0.0028   0.0009   0.3515   0.0023 
 17.0000   2.2251  -1.9941  -2.2656   2.0589   0.8638  -1.0378  -0.8076   0.8223   0.0003  -0.1068   0.0034   0.0009   0.3409   0.0026 
 17.1000   2.2251  -2.2372  -1.9252   2.0184   0.8050  -0.8742  -0.9798   0.8569   0.0010  -0.1051  -0.0168   0.0010   0.3303   0.0010 
 17.2000   1.9373  -2.5088  -2.1643   2.3588   1.0049  -0.7132  -0.8405   0.6405  -0.0047  -0.1121   0.0025   0.0006   0.3191   0.0012 
 17.3000   2.0711  -1.7671  -2.2251   2.4196   0.9158  -1.1192  -0.7981   0.5626   0.0062  -0.1060   0.0262   0.0012   0.3085   0.0038 
 17.4000   2.2048  -1.8968  -1.9697   1.7914   0.8465  -1.0915  -0.9591   0.9331   0.0016  -0.0983  -0.0111   0.0014   0.2987   0.0027 
 17.5000   2.1521  -2.0184  -1.9089   1.7914   0.8621  -1.0041  -1.0292   0.9703   0.0002  -0.0984  -0.0153   0.0015   0.2889   0.0012 
 17.6000   2.1643  -2.0467  -1.7428   1.8603   0.8725  -1.0032  -1.1564   0.9850   0.0029  -0.0977  -0.0197   0.0018   0.2791  -0.0008 
 17.7000   2.0792  -2.4480  -1.9941   2.1643   0.9279  -0.8067  -1.0473   0.8292  -0.0025  -0.1086  -0.0120   0.0015   0.2682  -0.0020 
 17.8000   2.1400  -1.7995  -2.1764   2.3710   0.8682  -1.1616  -0.9487   0.6907   0.0067  -0.1061   0.0197   0.0022   0.2576  -0.0000 
 17.9000   1.9373  -1.8725  -2.2737   2.0792   1.0352  -1.1426  -0.8950   0.8578  -0.0016  -0.1020   0.0176   0.0020   0.2474   0.0018 
 18.0000   2.1156  -2.0224  -2.1886   1.8644   0.9097  -1.1226  -0.9253   0.9608  -0.0029  -0.1024  -0.0028   0.0017   0.2372   0.0015 
 18.1000   2.3345  -2.3953  -1.9333   2.0103   0.8007  -0.8535  -1.0863   0.8959   0.0002  -0.1084  -0.0255   0.0018   0.2263  -0.0011 
 18.2000   1.9941  -2.4926  -2.1035   2.2048   0.9842  -0.7496  -0.9876   0.7851  -0.0050  -0.1099  -0.0058   0.0013   0.2154  -0.0016 
 18.3000   1.9981  -1.9859  -2.0427   2.2048   0.9816  -1.0344  -1.0456   0.7807   0.0022  -0.1029   0.0086   0.0015   0.2051  -0.0008 
 18.4000   1.8644  -1.8481  -2.1197   1.9211   1.1140  -1.1538  -0.9850   0.9608  -0.0023  -0.0969   0.0107   0.0012   0.1954   0.0003 
 18.5000   1.9252  -1.8603  -2.1521   1.7509   1.0742  -1.1858  -0.9565   1.0638  -0.0042  -0.0961   0.0038   0.0008   0.1858   0.0007 
 18.6000   2.0832  -2.1562  -2.0224   2.0184   1.0136  -1.0179  -1.0759   0.9314  -0.0010  -0.1035  -0.0064   0.0007   0.1754   0.0000 
 18.7000   2.1521  -2.5817  -2.2251   2.2859   0.9729  -0.7357  -0.9322   0.7678  -0.0046  -0.1156  -0.0072   0.0003   0.1639  -0.0007 
 18.8000   2.1926  -2.0224  -2.2859   2.4561   0.9634  -1.0179  -0.8907   0.6423   0.0043  -0.1120   0.0171   0.0007   0.1527   0.0010 
 18.9000   2.2778  -2.1805  -2.5047   1.9008   0.8517  -0.9816  -0.7539   0.9573  -0.0063  -0.1108  -0.0017   0.0000   0.1416   0.0008 
 19.0000   2.2737  -2.1805  -1.8765   1.7792   0.8734  -0.9565  -1.0681   1.0344  -0.0001  -0.1014  -0.0259   0.0001   0.1314  -0.0018 
 19.1000   2.3142  -2.3386  -1.9454   1.9576   0.7903  -0.8058  -1.0733   0.9530  -0.0002  -0.1069  -0.0243   0.0000   0.1207  -0.0042 
 19.2000   1.9819  -2.2656  -2.1075   2.3750   0.9937  -0.7894  -0.9798   0.7054  -0.0002  -0.1091   0.0076  -0.0000   0.1098  -0.0034 
 19.3000   2.0224  -1.8157  -2.2129   2.3953   0.9928  -1.0984  -0.9088   0.6604   0.0049  -0.1056   0.0250   0.0004   0.0993  -0.0009 
 19.4000   2.2008  -2.0346  -2.4358   1.9616   0.8941  -0.9616  -0.7833   0.9140  -0.0039  -0.1079   0.0053   0.0000   0.0885  -0.0004 
 19.5000   2.2656  -2.0670  -2.1764   1.8887   0.8067  -0.9902  -0.8820   0.9331  -0.0011  -0.1050  -0.0087  -0.0001   0.0780  -0.0013 
 19.6000   2.2534  -2.2534  -1.9941   2.1197   0.8145  -0.8136  -1.0283   0.8266   0.0016  -0.1078  -0.0128   0.0000   0.0672  -0.0026 
 19.7000   1.6455  -1.7266  -2.0467   2.4358   1.1175  -1.1252  -1.0023   0.6275   0.0039  -0.0982   0.0361   0.0004   0.0574   0.0011 
 19.8000   1.8279  -1.4145  -2.0184   2.2129   1.1391  -1.3633  -1.0101   0.7236   0.0076  -0.0934   0.0321   0.0012   0.0481   0.0043 
 19.9000   2.1764  -1.8887  -2.2615   1.6658   0.9210  -1.1642  -0.8881   1.0222  -0.0039  -0.0999  -0.0045   0.0008   0.0381   0.0038 
 20.0000   2.2534  -2.1400  -1.8644   2.0224   0.8915  -1.0586  -1.1036   0.8872   0.0034  -0.1035  -0.0164   0.0012   0.0277   0.0022 
