1.263521 1.263534 -1.410385 -1.410371 1.115760 1.115752
1.252369 1.263021 -1.394916 -1.410355 1.111443 1.115531
1.243351 1.260393 -1.384520 -1.409240 1.110065 1.112677
1.234338 1.254251 -1.374188 -1.404685 1.108746 1.108230
1.225342 1.243920 -1.363997 -1.394286 1.107552 1.108562
1.216505 1.231887 -1.354302 -1.380557 1.106694 1.108164
1.207744 1.219743 -1.344852 -1.365509 1.106005 1.105863
1.199008 1.208184 -1.335505 -1.351309 1.105393 1.105641
1.190299 1.197480 -1.326267 -1.337879 1.104864 1.105243
1.181598 1.188096 -1.317093 -1.326035 1.104392 1.104734
1.172901 1.179386 -1.307976 -1.315448 1.103972 1.103805
1.164216 1.171331 -1.298942 -1.306133 1.103622 1.103385
1.155548 1.162863 -1.290002 -1.296928 1.103350 1.103341
1.146905 1.154737 -1.281182 -1.288116 1.103174 1.103119
1.138281 1.146430 -1.272465 -1.279099 1.103081 1.103075
1.129678 1.138213 -1.263860 -1.270177 1.103079 1.103075
1.121094 1.129604 -1.255360 -1.261318 1.103162 1.103075
1.112533 1.121106 -1.246979 -1.252632 1.103343 1.103097
1.103990 1.112376 -1.238702 -1.244196 1.103608 1.103141
1.095469 1.103726 -1.230539 -1.235808 1.103967 1.103252
1.086964 1.095278 -1.222477 -1.227766 1.104409 1.103540
1.078476 1.086437 -1.214512 -1.219362 1.104933 1.104734
1.070003 1.077858 -1.206653 -1.211367 1.105546 1.105752
1.061546 1.069169 -1.198889 -1.203528 1.106240 1.105818
1.053109 1.060932 -1.191237 -1.195816 1.107025 1.106283
1.044681 1.052655 -1.183666 -1.188009 1.107881 1.107146
1.036266 1.044489 -1.176190 -1.180469 1.108820 1.108916
1.027862 1.036021 -1.168802 -1.172898 1.109836 1.109447
1.019478 1.027804 -1.161530 -1.165798 1.110948 1.110310
1.011107 1.019205 -1.154347 -1.158258 1.112137 1.110951
1.002749 1.010687 -1.147268 -1.151205 1.113415 1.113296
0.994400 1.002148 -1.140272 -1.143822 1.114768 1.115022
0.986062 0.993650 -1.133369 -1.136691 1.116203 1.115177
0.977744 0.984990 -1.126574 -1.129827 1.117727 1.118075
0.969429 0.976894 -1.119857 -1.123009 1.119324 1.117920
0.961132 0.968406 -1.113237 -1.116129 1.121002 1.118318
0.952844 0.960089 -1.106712 -1.109878 1.122764 1.121482
0.944564 0.951852 -1.100265 -1.103202 1.124597 1.125111
0.936284 0.943938 -1.093890 -1.096573 1.126502 1.124779
0.928028 0.935721 -1.087628 -1.090243 1.128497 1.125066
0.919782 0.927666 -1.081459 -1.084211 1.130574 1.127102
0.911541 0.919077 -1.075367 -1.078100 1.132722 1.132788
0.903303 0.911052 -1.069353 -1.071817 1.134947 1.133186
0.895085 0.902563 -1.063447 -1.065613 1.137258 1.133451
0.886880 0.894216 -1.057639 -1.059926 1.139655 1.137434
0.878677 0.885889 -1.051900 -1.054099 1.142119 1.142876
0.870472 0.878025 -1.046225 -1.048208 1.144649 1.141792
0.862299 0.869859 -1.040679 -1.042679 1.147277 1.141814
0.854129 0.861390 -1.035210 -1.037307 1.149977 1.142345
0.845964 0.853265 -1.029821 -1.032123 1.152753 1.145133
0.837810 0.844947 -1.024516 -1.026500 1.155603 1.151460
0.829666 0.836953 -1.019305 -1.021112 1.158536 1.158473
0.821511 0.828857 -1.014137 -1.015677 1.161522 1.161438
0.813379 0.820953 -1.009082 -1.010572 1.164599 1.162677
0.805268 0.812676 -1.004130 -1.005545 1.167758 1.166195
0.797159 0.804671 -0.999253 -1.000833 1.170991 1.171283
0.789050 0.796474 -0.994440 -0.995681 1.174286 1.171770
0.780972 0.788248 -0.989759 -0.991267 1.177683 1.171947
0.772904 0.779921 -0.985156 -0.986523 1.181148 1.174270
0.764835 0.771885 -0.980622 -0.981952 1.184684 1.180553
0.756775 0.763689 -0.976167 -0.977349 1.188289 1.187920
0.748711 0.755885 -0.971774 -0.972621 1.191959 1.192124
0.740660 0.747961 -0.967467 -0.968302 1.195703 1.192367
0.732650 0.739916 -0.963298 -0.964170 1.199544 1.193252
0.724640 0.731679 -0.959194 -0.960558 1.203450 1.199093
0.716640 0.723593 -0.955171 -0.956269 1.207428 1.206018
0.708634 0.715639 -0.951207 -0.952060 1.211469 1.212124
0.700634 0.707885 -0.947315 -0.947881 1.215577 1.210929
0.692684 0.699729 -0.943572 -0.944394 1.219784 1.209911
0.684725 0.691775 -0.939876 -0.940750 1.224047 1.209934
0.676752 0.683830 -0.936218 -0.937184 1.228362 1.211482
0.668790 0.675523 -0.932641 -0.933320 1.232747 1.219181
0.660906 0.667729 -0.929267 -0.929943 1.237258 1.229911
0.653032 0.659684 -0.925964 -0.926126 1.241828 1.239978
0.645127 0.652032 -0.922673 -0.923408 1.246442 1.247345
0.637237 0.644298 -0.919457 -0.919780 1.251116 1.245332
0.629398 0.636404 -0.916395 -0.916905 1.255893 1.245221
0.621545 0.628419 -0.913364 -0.914188 1.260715 1.245354
0.613678 0.620434 -0.910369 -0.910701 1.265588 1.246969
0.605822 0.612369 -0.907459 -0.908062 1.270533 1.253916
0.598049 0.604595 -0.904737 -0.905124 1.275585 1.265111
0.590322 0.596812 -0.902148 -0.902187 1.280722 1.276903
0.582563 0.589431 -0.899562 -0.900867 1.285895 1.286217
0.574810 0.581718 -0.897027 -0.897930 1.291114 1.286770
0.567098 0.573905 -0.894628 -0.894569 1.296426 1.286726
0.559377 0.566322 -0.892276 -0.894427 1.301795 1.287124
0.551655 0.558428 -0.889951 -0.892841 1.307192 1.290133
0.543947 0.549869 -0.887718 -0.888945 1.312667 1.299801
0.536355 0.542408 -0.885740 -0.885411 1.318282 1.312434
0.528752 0.535410 -0.883786 -0.885489 1.323929 1.323230
0.521151 0.527949 -0.881856 -0.885285 1.329602 1.330664
0.513580 0.520618 -0.880034 -0.882489 1.335350 1.325951
0.506008 0.512533 -0.878272 -0.878374 1.341161 1.320531
0.498340 0.504920 -0.876438 -0.876457 1.346994 1.316327
0.490589 0.496946 -0.874511 -0.875986 1.352818 1.316062
0.482845 0.489112 -0.872640 -0.873033 1.358691 1.317765
0.475236 0.481298 -0.871038 -0.870928 1.364698 1.324934
0.467853 0.473756 -0.869817 -0.870881 1.370861 1.340332
0.460745 0.466144 -0.869031 -0.869373 1.377182 1.359668
0.453675 0.459267 -0.868346 -0.868305 1.383567 1.376903
0.446412 0.452369 -0.867412 -0.867865 1.389897 1.389226
0.439071 0.445170 -0.866410 -0.866216 1.396236 1.397212
0.431743 0.438454 -0.865483 -0.866200 1.402637 1.393164
0.424502 0.430791 -0.864707 -0.865383 1.409102 1.387367
0.417106 0.423088 -0.863776 -0.863671 1.415566 1.382035
0.409572 0.415375 -0.862704 -0.863624 1.422028 1.381925
0.402091 0.408014 -0.861740 -0.862917 1.428545 1.383562
0.394699 0.400412 -0.860946 -0.860844 1.435143 1.389734
0.387602 0.392870 -0.860615 -0.860796 1.441909 1.404491
0.380864 0.385661 -0.860801 -0.860796 1.448834 1.425442
0.374275 0.378965 -0.861215 -0.860812 1.455836 1.445133
0.367468 0.372520 -0.861361 -0.860812 1.462789 1.460044
0.360504 0.366267 -0.861335 -0.860828 1.469728 1.469978
0.353535 0.359662 -0.861341 -0.860844 1.476702 1.471482
0.346655 0.352603 -0.861504 -0.860859 1.483744 1.471549
0.339771 0.345303 -0.861703 -0.860938 1.490829 1.472434
0.332870 0.337721 -0.861922 -0.861016 1.497949 1.477987
0.326049 0.330602 -0.862284 -0.861111 1.505131 1.489956
0.319375 0.323876 -0.862862 -0.861252 1.512384 1.504358
0.312720 0.317724 -0.863494 -0.861535 1.519671 1.516172
0.306037 0.311461 -0.864123 -0.862053 1.526982 1.525752
0.299386 0.305047 -0.864826 -0.862493 1.534336 1.533495
0.292787 0.298149 -0.865629 -0.863985 1.541738 1.540442
0.286271 0.291322 -0.866566 -0.865760 1.549192 1.546637
0.279802 0.284324 -0.867592 -0.867315 1.556686 1.553584
0.273365 0.277477 -0.868693 -0.867881 1.564224 1.560287
0.266956 0.270983 -0.869861 -0.869561 1.571801 1.568186
0.260600 0.264870 -0.871117 -0.871352 1.579414 1.575553
0.254286 0.258678 -0.872452 -0.871368 1.587062 1.583341
0.247999 0.252657 -0.873854 -0.872106 1.594752 1.591615
0.241760 0.246706 -0.875341 -0.874447 1.602478 1.599823
0.235593 0.240221 -0.876935 -0.877054 1.610239 1.607743
0.229485 0.233565 -0.878632 -0.877353 1.618043 1.614602
0.223399 0.227202 -0.880391 -0.878374 1.625888 1.622699
0.217364 0.221422 -0.882232 -0.881531 1.633765 1.630686
0.211403 0.215511 -0.884175 -0.884437 1.641668 1.638164
0.205489 0.209429 -0.886201 -0.884515 1.649608 1.645686
0.199594 0.203670 -0.888284 -0.885049 1.657587 1.654358
0.193742 0.198404 -0.890440 -0.888222 1.665595 1.662876
0.187979 0.192684 -0.892710 -0.892354 1.673627 1.670907
0.182295 0.186300 -0.895093 -0.895464 1.681695 1.678761
0.176652 0.179302 -0.897559 -0.895401 1.689803 1.686504
0.171031 0.174197 -0.900084 -0.895762 1.697950 1.694668
0.165436 0.169465 -0.902649 -0.897977 1.706109 1.703606
0.159909 0.164611 -0.905305 -0.902674 1.714293 1.712013
0.154498 0.158550 -0.908104 -0.907952 1.722502 1.719823
0.149170 0.152045 -0.911026 -0.911109 1.730753 1.726792
0.143859 0.146880 -0.913999 -0.911769 1.739037 1.734579
0.138565 0.142217 -0.917007 -0.912146 1.747338 1.744093
0.133294 0.137233 -0.920061 -0.915224 1.755663 1.753274
0.128130 0.131615 -0.923248 -0.921429 1.764014 1.761593
0.133425 0.126580 -0.920224 -0.926487 1.755695 1.767234
0.138446 0.123841 -0.916853 -0.927838 1.747304 1.767898
0.143406 0.124204 -0.913393 -0.927288 1.738883 1.765796
0.148487 0.125895 -0.910095 -0.924508 1.730505 1.756969
0.153682 0.131161 -0.906948 -0.919293 1.722161 1.740929
0.159106 0.139952 -0.904141 -0.912853 1.713931 1.724159
0.164802 0.150343 -0.901725 -0.906145 1.705819 1.709845
0.170654 0.160674 -0.899520 -0.900836 1.697762 1.698982
0.176487 0.170029 -0.897308 -0.897569 1.689717 1.691128
0.182262 0.178054 -0.895036 -0.895464 1.681670 1.684978
0.188017 0.184931 -0.892749 -0.893893 1.673628 1.677433
0.193790 0.190691 -0.890494 -0.891553 1.665601 1.668805
0.199611 0.196370 -0.888308 -0.888709 1.657593 1.660575
0.205491 0.201857 -0.886211 -0.886463 1.649616 1.652876
0.211414 0.207466 -0.884189 -0.884625 1.641671 1.644535
0.217384 0.213215 -0.882248 -0.882897 1.633761 1.636748
0.223406 0.219277 -0.880395 -0.880117 1.625886 1.628341
0.229494 0.225621 -0.878644 -0.880149 1.618047 1.621549
0.235602 0.231652 -0.876956 -0.879787 1.610251 1.612898
0.241750 0.237472 -0.875339 -0.877510 1.602486 1.604469
0.247975 0.243665 -0.873832 -0.873865 1.594753 1.597433
0.254282 0.249948 -0.872446 -0.872405 1.587060 1.590597
0.260601 0.256261 -0.871114 -0.871949 1.579409 1.582655
0.266952 0.262585 -0.869854 -0.870284 1.571798 1.574203
0.273363 0.268818 -0.868692 -0.868619 1.564225 1.567057
0.279823 0.275423 -0.867617 -0.868540 1.556691 1.559447
0.286308 0.281606 -0.866615 -0.866640 1.549203 1.551416
0.292856 0.288332 -0.865710 -0.865713 1.541750 1.544668
0.299445 0.294796 -0.864895 -0.864708 1.534347 1.536770
0.306071 0.301482 -0.864157 -0.864629 1.526983 1.529358
0.312730 0.307936 -0.863500 -0.863734 1.519666 1.521748
0.319438 0.314723 -0.862932 -0.863215 1.512390 1.514447
0.326187 0.321238 -0.862454 -0.862304 1.505163 1.507633
0.332980 0.328176 -0.862062 -0.862037 1.497979 1.500487
0.339807 0.335053 -0.861757 -0.861770 1.490846 1.493141
0.346672 0.342101 -0.861535 -0.861503 1.483759 1.485995
0.353577 0.348858 -0.861403 -0.861362 1.476722 1.479071
0.360516 0.355534 -0.861350 -0.861330 1.469730 1.471726
0.367487 0.362441 -0.861376 -0.861346 1.462786 1.464845
0.374497 0.369318 -0.861496 -0.861346 1.455895 1.457942
0.381543 0.376357 -0.861701 -0.861362 1.449054 1.451150
0.388626 0.383224 -0.861996 -0.861378 1.442266 1.444358
0.395741 0.390293 -0.862372 -0.861409 1.435527 1.437080
0.402890 0.397099 -0.862836 -0.861472 1.428843 1.430973
0.410072 0.404349 -0.863384 -0.861582 1.422209 1.424093
0.417287 0.411518 -0.864025 -0.861707 1.415635 1.417544
0.424533 0.418939 -0.864751 -0.861927 1.409114 1.411195
0.431810 0.426058 -0.865566 -0.862116 1.402651 1.404380
0.439115 0.433469 -0.866459 -0.862791 1.396240 1.398075
0.446446 0.440850 -0.867440 -0.864849 1.389890 1.391880
0.453795 0.448180 -0.868495 -0.866734 1.383597 1.384911
0.461169 0.455259 -0.869632 -0.868273 1.377360 1.378827
0.468573 0.462831 -0.870854 -0.870378 1.371177 1.372566
0.476001 0.470021 -0.872164 -0.871949 1.365060 1.366703
0.483459 0.477210 -0.873559 -0.872876 1.358996 1.360265
0.490950 0.484560 -0.875046 -0.873991 1.352992 1.354978
0.498471 0.491941 -0.876627 -0.875955 1.347053 1.348495
0.505998 0.499523 -0.878274 -0.878295 1.341172 1.342522
0.513548 0.506834 -0.880008 -0.879238 1.335357 1.336394
0.521139 0.514567 -0.881842 -0.881311 1.329599 1.330885
0.528744 0.522370 -0.883761 -0.883149 1.323912 1.325597
0.536378 0.530013 -0.885772 -0.884845 1.318291 1.319823
0.544030 0.537645 -0.887862 -0.887845 1.312729 1.314137
0.551684 0.545227 -0.890016 -0.888427 1.307228 1.307566
0.559390 0.552789 -0.892287 -0.889840 1.301793 1.303230
0.567113 0.560825 -0.894644 -0.893657 1.296427 1.298274
0.574827 0.568548 -0.897061 -0.897302 1.291131 1.292146
0.582549 0.575798 -0.899543 -0.897443 1.285890 1.286062
0.590337 0.583229 -0.902156 -0.897694 1.280715 1.283584
0.598146 0.591203 -0.904863 -0.899548 1.275613 1.280332
0.605944 0.599198 -0.907627 -0.904700 1.270579 1.273407
0.613749 0.606720 -0.910473 -0.910355 1.265621 1.266062
0.621527 0.613859 -0.913337 -0.912381 1.260706 1.259978
0.629369 0.621492 -0.916333 -0.914031 1.255860 1.262035
0.637274 0.629819 -0.919495 -0.917722 1.251117 1.262212
0.645132 0.639103 -0.922660 -0.922654 1.246425 1.261858
0.652983 0.646715 -0.925893 -0.923550 1.241806 1.259049
0.660853 0.654408 -0.929173 -0.925230 1.237216 1.250664
0.668816 0.662222 -0.932675 -0.930021 1.232755 1.239292
0.676805 0.669361 -0.936300 -0.935582 1.228392 1.228451
0.684704 0.675694 -0.939836 -0.940279 1.224028 1.226681
0.692633 0.683447 -0.943471 -0.940232 1.219734 1.226593
0.700666 0.691996 -0.947325 -0.940247 1.215554 1.223562
0.708654 0.702126 -0.951185 -0.940593 1.211427 1.214513
0.716654 0.709456 -0.955170 -0.943012 1.207412 1.207456
0.724674 0.716565 -0.959215 -0.950363 1.203438 1.205664
0.732695 0.723895 -0.963327 -0.958688 1.199528 1.203960
0.740704 0.731770 -0.967500 -0.965977 1.195692 1.197633
0.748698 0.740379 -0.971724 -0.971616 1.191922 1.191217
0.756711 0.748364 -0.976044 -0.974004 1.188230 1.191858
0.764829 0.757396 -0.980588 -0.976219 1.184655 1.191947
0.772915 0.765693 -0.985155 -0.980554 1.181136 1.191748
0.780970 0.772550 -0.989736 -0.986476 1.177662 1.189358
0.789055 0.780233 -0.994427 -0.992570 1.174268 1.181593
0.797164 0.788520 -0.999241 -0.998131 1.170974 1.172588
0.805247 0.796202 -1.004080 -1.002875 1.167729 1.167080
0.813342 0.804348 -1.008992 -1.007933 1.164546 1.167743
0.821496 0.812857 -1.014092 -1.012237 1.161492 1.167677
0.829655 0.821476 -1.019266 -1.016965 1.158507 1.166283
0.837807 0.829038 -1.024498 -1.021646 1.155588 1.160243
0.845963 0.837154 -1.029794 -1.027678 1.152727 1.153495
0.854103 0.845048 -1.035141 -1.033474 1.149935 1.149580
0.862257 0.853526 -1.040580 -1.039207 1.147219 1.149712
0.870460 0.861290 -1.046189 -1.043936 1.144625 1.149557
0.878666 0.869808 -1.051855 -1.049528 1.142085 1.146858
0.886872 0.877642 -1.057603 -1.055151 1.139627 1.141128
0.895067 0.886070 -1.063390 -1.061560 1.137220 1.136814
0.903268 0.893793 -1.069271 -1.067199 1.134899 1.136836
0.911511 0.902553 -1.075288 -1.072870 1.132673 1.136615
0.919770 0.910659 -1.081419 -1.078336 1.130546 1.133827
0.928023 0.918886 -1.087596 -1.084588 1.128470 1.129071
0.936269 0.927011 -1.093834 -1.091264 1.126462 1.126372
0.944526 0.935490 -1.100164 -1.097845 1.124535 1.125752
0.952814 0.943706 -1.106630 -1.103689 1.122712 1.123451
0.961109 0.951993 -1.113168 -1.109830 1.120956 1.120442
0.969407 0.960139 -1.119784 -1.116711 1.119274 1.120531
0.977724 0.968617 -1.126511 -1.123528 1.117684 1.120044
0.986054 0.977106 -1.133335 -1.130251 1.116178 1.117588
0.994388 0.985191 -1.140235 -1.136895 1.114743 1.115354
1.002730 0.993539 -1.147213 -1.143760 1.113380 1.112965
1.011084 1.001816 -1.154289 -1.150703 1.112101 1.113053
1.019464 1.010193 -1.161487 -1.157677 1.110919 1.112411
1.027854 1.018581 -1.168772 -1.164808 1.109814 1.110066
1.036248 1.027180 -1.176133 -1.172395 1.108782 1.108672
1.044658 1.035517 -1.183601 -1.179747 1.107840 1.108540
1.053089 1.044126 -1.191175 -1.187365 1.106983 1.107544
1.061531 1.052474 -1.198844 -1.194968 1.106209 1.106040
1.069982 1.060660 -1.206595 -1.202617 1.105509 1.105973
1.078455 1.069158 -1.214456 -1.210314 1.104897 1.105442
1.086946 1.077546 -1.222424 -1.217995 1.104375 1.104934
1.095453 1.085833 -1.230491 -1.225818 1.103934 1.104137
1.103973 1.094271 -1.238650 -1.233939 1.103574 1.103318
1.112510 1.102659 -1.246915 -1.242123 1.103301 1.103252
1.121070 1.111328 -1.255291 -1.250307 1.103117 1.103053
1.129653 1.120008 -1.263785 -1.258648 1.103028 1.103009
1.138256 1.128416 -1.272386 -1.266659 1.103027 1.103009
1.146879 1.137166 -1.281090 -1.275439 1.103108 1.103031
1.155522 1.145946 -1.289908 -1.284283 1.103283 1.103053
1.164189 1.154435 -1.298840 -1.292687 1.103547 1.103119
1.172879 1.162983 -1.307879 -1.301515 1.103897 1.103296
1.181592 1.171522 -1.317032 -1.310578 1.104337 1.103695
1.190329 1.180111 -1.326301 -1.320113 1.104868 1.105265
1.199096 1.188781 -1.335696 -1.329459 1.105497 1.105177
1.207886 1.197380 -1.345202 -1.338727 1.106213 1.105818
1.216707 1.205898 -1.354837 -1.347618 1.107027 1.106703
1.225561 1.215172 -1.364602 -1.357843 1.107937 1.107411
1.234447 1.224063 -1.374508 -1.367692 1.108957 1.109336
1.243368 1.233186 -1.384545 -1.377243 1.110073 1.109115
1.252320 1.242278 -1.394707 -1.386887 1.111284 1.109491
