 0.1100  0.1100 -0.1100  0.1100  2.9300 
 0.1100  0.1102 -0.1101  0.1105  2.9296 
 0.1112  0.1124 -0.1125  0.1145  2.9254 
 0.1160  0.1180 -0.1204  0.1253  2.9156 
 0.1245  0.1269 -0.1341  0.1443  2.8956 
 0.1370  0.1396 -0.1534  0.1719  2.8667 
 0.1535  0.1563 -0.1789  0.2081  2.8293 
 0.1737  0.1771 -0.2100  0.2533  2.7831 
 0.1969  0.2010 -0.2460  0.3050  2.7295 
 0.2249  0.2299 -0.2892  0.3673  2.6686 
 0.2560  0.2620 -0.3370  0.4367  2.6128 
 0.2902  0.2977 -0.3899  0.5135  2.5655 
 0.3284  0.3357 -0.4478  0.5987  2.5285 
 0.3698  0.3722 -0.5102  0.6905  2.5039 
 0.4154  0.4064 -0.5789  0.7936  2.4978 
 0.4638  0.4361 -0.6511  0.9022  2.4999 
 0.5155  0.4609 -0.7292  1.0170  2.5005 
 0.5711  0.4805 -0.8131  1.1415  2.5004 
 0.6292  0.4924 -0.8963  1.2694  2.5003 
 0.6911  0.4986 -0.9780  1.4055  2.5003 
 0.7573  0.4999 -1.0569  1.5508  2.5002 
 0.8268  0.4999 -1.1309  1.6992  2.5002 
 0.8988  0.5000 -1.1965  1.8427  2.5001 
 0.9749  0.5000 -1.2571  1.9828  2.5001 
 1.0538  0.5000 -1.3093  2.1120  2.5001 
 1.1374  0.5000 -1.3563  2.2337  2.5001 
 1.2230  0.5000 -1.3957  2.3434  2.5001 
 1.3136  0.5000 -1.4295  2.4431  2.5001 
 1.3934  0.5000 -1.4537  2.5244  2.5000 
 1.4903  0.5000 -1.4768  2.6144  2.5000 
 1.5752  0.5000 -1.4915  2.6869  2.5000 
 1.6563  0.5000 -1.4993  2.7522  2.5000 
 1.7316  0.5000 -1.5000  2.8081  2.5000 
 1.8053  0.5000 -1.5000  2.8581  2.5000 
 1.8732  0.5000 -1.5000  2.8987  2.5000 
 1.9377  0.5000 -1.5000  2.9326  2.5000 
 1.9987  0.5000 -1.5000  2.9592  2.5000 
 2.0561  0.5000 -1.5000  2.9788  2.5000 
 2.1092  0.5000 -1.5000  2.9922  2.5000 
 2.1593  0.5000 -1.5000  3.0009  2.5000 
 2.2055  0.5000 -1.5000  3.0002  2.5000 
 2.2483  0.5000 -1.5000  3.0000  2.5000 
 2.2875  0.5000 -1.5000  3.0000  2.5000 
 2.3241  0.5000 -1.5000  3.0000  2.5000 
 2.3569  0.5000 -1.5000  3.0000  2.5000 
 2.3859  0.5000 -1.5000  3.0000  2.5000 
 2.4118  0.5000 -1.5000  3.0000  2.5000 
 2.4344  0.5000 -1.5000  3.0000  2.5000 
 2.4536  0.5000 -1.5000  3.0000  2.5000 
 2.4693  0.5000 -1.5000  3.0000  2.5000 
 2.4820  0.5000 -1.5000  3.0000  2.5000 
 2.4911  0.5000 -1.5000  3.0000  2.5000 
 2.4971  0.5000 -1.5000  3.0000  2.5000 
 2.4999  0.5000 -1.5000  3.0000  2.5000 
 2.5001  0.5000 -1.5000  3.0000  2.5000 
 2.5000  0.5000 -1.5000  3.0000  2.5000 
 2.5000  0.5000 -1.5000  3.0000  2.5000 
 2.5000  0.5000 -1.5000  3.0000  2.5000 
 2.5000  0.5000 -1.5000  3.0000  2.5000 
 2.5000  0.5000 -1.5000  3.0000  2.5000 
 2.5000  0.5000 -1.5000  3.0000  2.5000 
