  0.1000  -0.0000   0.0000  -0.0000   0.0000   0.2527   0.1394  -0.0666   0.1324   0.0000   0.0000   0.0000   0.0000   0.0000   0.0000 
  0.2000   3.1654   3.0276   2.9830   2.9222   1.8800   1.6965   1.4109   1.6982   0.1512  -0.0010  -0.0064   0.0151  -0.0001  -0.0006 
  0.3000   3.1491   2.8573   2.6263   2.6304   0.1904   0.2631   0.0805   0.3783   0.1408  -0.0037  -0.0093   0.0292  -0.0005  -0.0016 
  0.4000   2.0589   2.2615   2.1926   2.1926   0.1991   0.4735   0.0467   0.2848   0.1088   0.0025   0.0066   0.0401  -0.0002  -0.0009 
  0.5000   2.1926   2.2859   2.2170   2.3142   0.4804   0.4579   0.1818   0.4042   0.1126  -0.0001   0.0062   0.0513  -0.0003  -0.0003 
  0.6000   2.1278   2.2372   2.1035   2.1278   0.3029   0.2744   0.0978   0.2268   0.1075   0.0011   0.0043   0.0621  -0.0002   0.0001 
  0.7000   2.1683   2.1075   1.9697   2.0346   0.1991   0.1965   0.1065   0.1368   0.1035  -0.0016   0.0001   0.0724  -0.0003   0.0001 
  0.8000   1.7428   1.7549   1.9738   1.8846   0.2934   0.3670   0.0675   0.1333   0.0920   0.0013  -0.0025   0.0816  -0.0002  -0.0001 
  0.9000   1.9252   1.9130   1.9130   1.9454   0.3618   0.4163   0.1973   0.3012   0.0962  -0.0006   0.0007   0.0913  -0.0002  -0.0000 
  1.0000   1.9252   1.9697   1.9576   1.9819   0.3021   0.3921   0.1965   0.2095   0.0979   0.0003   0.0022   0.1011  -0.0002   0.0002 
  1.1000   1.9941   2.2615   1.9981   1.8887   0.3055   0.2155   0.2008   0.2190   0.1018   0.0047   0.0051   0.1112   0.0003   0.0007 
  1.2000   2.0184   1.9697   1.7063   1.8522   0.3670   0.1272   0.2320   0.2458   0.0943  -0.0024   0.0032   0.1207   0.0000   0.0010 
  1.3000   1.9333   1.9333   2.1319   1.9008   0.4596   0.3436   0.2406   0.2666   0.0987   0.0029  -0.0075   0.1305   0.0003   0.0003 
  1.4000   1.9454   1.9008   1.8887   2.1440   0.4856   0.3012   0.2233   0.2441   0.0985  -0.0037   0.0068   0.1404  -0.0000   0.0009 
  1.5000   1.9859   1.9819   2.0670   2.0467   0.5003   0.3281   0.3332   0.1653   0.1010   0.0002  -0.0008   0.1505  -0.0000   0.0009 
  1.6000   2.0670   2.1521   2.0670   2.0062   0.4648   0.1610   0.2510   0.1818   0.1037   0.0018   0.0008   0.1609   0.0002   0.0009 
  1.7000   1.9697   1.8765   2.0346   1.9130   0.4865   0.1792   0.1852   0.1809   0.0974   0.0004  -0.0070   0.1706   0.0002   0.0003 
  1.8000   1.9941   1.8968   2.1764   1.9211   0.4466   0.2952   0.1342   0.2943   0.0999   0.0020  -0.0114   0.1806   0.0004  -0.0009 
  1.9000   1.9089   1.8765   1.9252   1.8157   0.4795   0.3298   0.1125   0.3956   0.0941   0.0010  -0.0046   0.1900   0.0005  -0.0014 
  2.0000   2.1400   2.1278   2.1197   2.1926   0.4942   0.3004   0.0874   0.4553   0.1073  -0.0011   0.0020   0.2007   0.0004  -0.0012 
  2.1000   1.9616   2.0548   1.9373   1.9738   0.4111   0.1420   0.0312   0.3480   0.0991   0.0007   0.0042   0.2106   0.0004  -0.0007 
  2.2000   1.9495   1.9576   1.9373   1.8968   0.5254   0.2164   0.0580   0.4873   0.0968   0.0006  -0.0011   0.2203   0.0005  -0.0008 
  2.3000   2.2778   2.0954   1.8603   2.1805   0.4198   0.2294   0.1021   0.4622   0.1052  -0.0063   0.0045   0.2308  -0.0001  -0.0004 
  2.4000   1.7752   1.8400   1.7874   2.0832   0.4795   0.3679   0.1697   0.2025   0.0936  -0.0029   0.0117   0.2402  -0.0004   0.0008 
  2.5000   2.0589   1.9616   2.0548   2.0711   0.5418   0.3886   0.3246   0.2978   0.1018  -0.0014  -0.0026   0.2504  -0.0006   0.0005 
  2.6000   2.0103   2.0346   2.0467   1.9859   0.4345   0.3739   0.2328   0.2579   0.1010   0.0011  -0.0012   0.2605  -0.0005   0.0004 
  2.7000   1.8725   1.8238   1.9130   1.9454   0.5237   0.4224   0.3133   0.3177   0.0944  -0.0010  -0.0005   0.2699  -0.0006   0.0003 
  2.8000   2.3629   2.1440   2.2899   2.1805   0.3229   0.4163   0.2813   0.2536   0.1122  -0.0014  -0.0107   0.2811  -0.0007  -0.0007 
  2.9000   2.0062   1.9819   2.0954   2.0548   0.0822   0.3384   0.0537   0.0710   0.1017   0.0002  -0.0021   0.2913  -0.0007  -0.0009 
  3.0000   1.8603   1.8522   1.8238   1.8765   0.1870   0.4579   0.2043   0.1671   0.0927  -0.0008   0.0014   0.3006  -0.0008  -0.0008 
  3.1000   1.9130   1.9738   1.9616   2.0103   0.2701   0.6241   0.3454   0.2034   0.0982   0.0002   0.0036   0.3104  -0.0007  -0.0004 
  3.2000   1.9941   2.4561   2.0711   2.0224   0.2095   0.3575   0.3004   0.1437   0.1068   0.0064   0.0134   0.3211  -0.0001   0.0009 
  3.3000   1.8522   1.7063   1.6901   1.6820   0.3739   0.3687   0.3532   0.1930   0.0866  -0.0017  -0.0050   0.3297  -0.0003   0.0004 
  3.4000   2.0711   2.0427   2.0427   2.0305   0.4137   0.6526   0.5228   0.3358   0.1023  -0.0002  -0.0013   0.3400  -0.0003   0.0003 
  3.5000   2.0954   2.0548   2.1886   2.2534   0.2675   0.4977   0.3367   0.0866   0.1074  -0.0013   0.0008   0.3507  -0.0004   0.0004 
  3.6000   1.9738   1.9616   2.0548   1.9616   0.1844   0.4865   0.3220   0.0580   0.0994   0.0010  -0.0034   0.3606  -0.0003   0.0000 
  3.7000   1.9373   2.3264   1.9495   1.9008   0.2579   0.3185   0.3895   0.1627   0.1014   0.0055   0.0111   0.3708   0.0002   0.0011 
  3.8000   2.0224   1.9454   2.0548   1.9008   0.3791   0.2588   0.2865   0.1420   0.0990   0.0010  -0.0075   0.3807   0.0003   0.0004 
  3.9000   2.1805   1.9454   2.0913   1.9819   0.2086   0.3557   0.1982   0.1878   0.1025  -0.0016  -0.0112   0.3909   0.0002  -0.0008 
  4.0000   1.9008   1.8644   1.9089   1.8117   0.2207   0.4432   0.1904   0.2571   0.0936   0.0008  -0.0043   0.4003   0.0003  -0.0012 
  4.1000   2.0913   2.1400   2.1035   2.0711   0.2623   0.4813   0.1575   0.3237   0.1051   0.0010   0.0005   0.4108   0.0003  -0.0011 
  4.2000   1.9373   2.0224   1.9576   1.9819   0.2432   0.3220   0.0658   0.2597   0.0987   0.0008   0.0036   0.4207   0.0004  -0.0008 
  4.3000   1.9373   2.0062   1.9616   1.9941   0.3229   0.3229   0.0995   0.3211   0.0987   0.0005   0.0033   0.4305   0.0004  -0.0004 
  4.4000   2.0548   2.0062   1.8644   1.9333   0.3410   0.2623   0.1454   0.3809   0.0982  -0.0015   0.0007   0.4404   0.0003  -0.0004 
  4.5000   1.9819   1.9819   1.9252   2.2008   0.3454   0.4103   0.1489   0.2553   0.1011  -0.0034   0.0089   0.4505  -0.0001   0.0005 
  4.6000   1.7792   1.8279   1.8279   1.8117   0.4501   0.4337   0.3298   0.3203   0.0906   0.0008   0.0011   0.4595   0.0000   0.0006 
  4.7000   2.0548   2.2291   2.1156   2.0346   0.5765   0.4077   0.3549   0.4934   0.1054   0.0032   0.0030   0.4701   0.0004   0.0009 
  4.8000   2.0670   2.0548   2.1197   2.0670   0.5219   0.2138   0.1394   0.3454   0.1039   0.0005  -0.0021   0.4805   0.0004   0.0007 
  4.9000   2.1805   2.0548   2.0467   1.9616   0.3938   0.1688   0.1151   0.3809   0.1030  -0.0005  -0.0068   0.4908   0.0004   0.0000 
  5.0000   1.9495   1.9373   2.0346   2.0467   0.4466   0.2562   0.0545   0.3281   0.0996  -0.0003   0.0000   0.5007   0.0003   0.0000 
  5.1000   1.9008   1.8036   2.0427   1.8887   0.5401   0.3220   0.0589   0.4536   0.0954   0.0007  -0.0082   0.5103   0.0004  -0.0008 
  5.2000  -1.0254   1.2280   1.4388  -1.2321  -1.8679   0.9166   0.4155  -1.7346   0.0051   0.0616  -0.0136   0.5108   0.0066  -0.0021 
  5.3000  -3.1897   2.1683   1.6658  -3.9070  -1.8341   1.2707   0.9244  -1.6697  -0.0408   0.1366  -0.0070   0.5067   0.0202  -0.0028 
  5.4000  -4.9770   1.9252   1.6779  -4.5028  -1.5122   1.4845   0.9011  -1.2715  -0.0735   0.1635   0.0234   0.4994   0.0366  -0.0005 
  5.5000  -3.6882   2.1805   2.7520  -2.7479  -0.0710   1.4195   0.9218  -0.4622  -0.0188   0.1421   0.0120   0.4976   0.0508   0.0007 
  5.6000  -2.3142   1.9941   1.6212  -2.0832  -0.4293   1.0517   1.0768  -0.6457  -0.0098   0.1002   0.0196   0.4966   0.0608   0.0027 
  5.7000  -1.9008   1.9738   2.5290  -2.2251  -0.6362   1.4143   1.2248  -0.8232   0.0047   0.1079  -0.0286   0.4970   0.0716  -0.0002 
  5.8000  -2.0589   2.1683   2.2980  -1.8360  -0.7842   1.3010   0.7504  -0.6795   0.0071   0.1045   0.0030   0.4977   0.0821   0.0001 
  5.9000  -1.3050   1.8725   2.0832  -1.5604  -1.0266   1.2447   0.8760  -0.8760   0.0136   0.0853  -0.0151   0.4991   0.0906  -0.0014 
  6.0000  -2.5412   2.4966   2.0711  -1.9130  -0.9443   1.1668   0.8050  -1.0647   0.0014   0.1128   0.0342   0.4993   0.1019   0.0020 
  6.1000  -1.9941   1.9211   1.9738  -2.0832  -0.4233   0.8249   0.8595  -0.8258  -0.0023   0.0997  -0.0046   0.4990   0.1118   0.0016 
  6.2000  -1.8846   2.1278   2.0103  -2.0062  -0.5600   0.9495   0.9132  -0.6933   0.0031   0.1004  -0.0001   0.4993   0.1219   0.0015 
  6.3000  -1.0335   1.4591   2.0711  -1.8036  -1.0698   1.2343   0.7799  -0.8664   0.0087   0.0796  -0.0449   0.5002   0.1298  -0.0029 
  6.4000  -2.1440   2.1035   1.5118  -1.6820  -1.4152   1.5675   1.0205  -1.1590  -0.0026   0.0930   0.0342   0.4999   0.1391   0.0005 
  6.5000  -2.4439   2.0305   2.2899  -2.1805  -0.7686   1.3408   1.1564  -1.2265  -0.0038   0.1118   0.0001   0.4995   0.1503   0.0005 
  6.6000  -2.1035   1.9859   2.1197  -1.7752  -0.7011   1.2767   0.9262  -1.0257   0.0028   0.0998   0.0063   0.4998   0.1603   0.0011 
  6.7000  -2.0589   2.3142   1.7022  -2.3021  -0.8188   1.0482   1.2499  -0.9547  -0.0043   0.1047   0.0120   0.4994   0.1708   0.0023 
  6.8000  -1.5118   1.8481   2.0548  -2.2048  -0.8517   1.2265   1.1979  -0.8474   0.0023   0.0952  -0.0292   0.4996   0.1803  -0.0006 
  6.9000  -1.8725   1.8400   1.9495  -2.0184  -1.1105   1.5978   1.0811  -0.8829  -0.0013   0.0960  -0.0083   0.4995   0.1899  -0.0014 
  7.0000  -2.5412   2.5047   2.6182  -1.8765  -0.7565   1.3174   0.8266  -0.9634   0.0088   0.1193   0.0179   0.5004   0.2018   0.0004 
  7.1000  -2.0467   1.8117   1.8481  -1.8887  -0.5367   0.9028   0.7366  -0.8863  -0.0034   0.0949   0.0039   0.5000   0.2113   0.0008 
  7.2000  -2.1156   2.2170   1.5442  -2.0184  -0.5773   1.0326   1.2819  -0.8621  -0.0047   0.0987   0.0250   0.4995   0.2212   0.0033 
  7.3000  -1.3861   1.6536   2.2170  -2.2899  -0.6301   1.1746   1.1858  -0.8249   0.0024   0.0943  -0.0476   0.4998   0.2306  -0.0015 
  7.4000  -1.6901   1.8887   2.0954  -2.0184  -1.1538   1.5520   0.7998  -0.6544   0.0034   0.0962  -0.0174   0.5001   0.2402  -0.0033 
  7.5000  -2.3345   2.0427   1.1470  -1.0092  -0.8881   1.4836   1.3261  -1.3425  -0.0019   0.0817   0.0721   0.5000   0.2484   0.0040 
  7.6000  -1.9819   1.8968   2.9222  -2.6547  -0.7972   1.4187   1.4516  -1.4602   0.0023   0.1182  -0.0551   0.5001   0.2602  -0.0016 
  7.7000  -2.4196   2.3872   1.8400  -1.9211  -0.7176   1.2144   0.8015  -0.7331  -0.0014   0.1071   0.0340   0.5000   0.2709   0.0018 
  7.8000  -1.4955   1.8765   2.5696  -2.4966  -0.7574   1.1149   0.8612  -0.8119   0.0057   0.1055  -0.0550   0.5006   0.2815  -0.0037 
  7.9000  -1.7144   1.8238   1.5563  -1.6577  -1.2750   1.4464   0.6111  -0.7271   0.0001   0.0844   0.0105   0.5006   0.2899  -0.0026 
  8.0000  -2.3386   1.8481   1.8968  -1.9981  -1.0949   1.6316   1.0196  -1.0923  -0.0074   0.1010   0.0095   0.4999   0.3000  -0.0017 
  8.1000  -2.4439   2.2291   1.7022  -1.6171  -0.6691   1.4368   1.2161  -1.1010  -0.0016   0.0999   0.0440   0.4997   0.3100   0.0027 
  8.2000  -1.5482   1.9252   2.6547  -2.2129  -0.8976   1.2897   0.9937  -1.1659   0.0102   0.1043  -0.0453   0.5007   0.3205  -0.0018 
  8.3000  -2.9465   2.4075   1.6050  -2.4561  -0.7106   1.1261   0.7955  -0.6760  -0.0174   0.1177   0.0420   0.4990   0.3322   0.0024 
  8.4000  -0.8511   1.3172   2.2048  -1.7063  -0.5877   1.3988   0.9997  -0.6907   0.0121   0.0760  -0.0566   0.5002   0.3398  -0.0033 
  8.5000  -2.0913   1.9859   1.6333  -1.4591  -1.6195   1.8566   1.0032  -1.3200   0.0009   0.0896   0.0320   0.5003   0.3488  -0.0001 
  8.6000  -2.4318   2.2048   2.2494  -2.3507  -0.9677   1.5269   1.2083  -1.2836  -0.0041   0.1155   0.0012   0.4999   0.3603   0.0001 
  8.7000  -2.3953   2.3467   2.1805  -1.8765  -0.5548   1.1754   0.8526  -0.9712   0.0032   0.1100   0.0222   0.5002   0.3713   0.0023 
  8.8000  -1.9819   1.7509   1.9819  -2.4601  -0.5315   1.0906   0.9210  -0.8284  -0.0089   0.1022  -0.0230   0.4993   0.3815  -0.0000 
  8.9000  -0.9362   1.5320   2.2251  -1.6577  -1.2499   1.7372   0.7530  -0.7842   0.0145   0.0794  -0.0459   0.5008   0.3895  -0.0046 
  9.0000  -2.5088   2.3872   1.5847  -1.8360  -1.5866   1.6688   0.8483  -1.2256  -0.0047   0.1040   0.0479   0.5004   0.3999   0.0002 
  9.1000  -2.2170   1.8117   2.0548  -2.2656  -0.7574   1.4992   1.0569  -1.0759  -0.0077   0.1044  -0.0095   0.4996   0.4103  -0.0008 
  9.2000  -2.5898   2.6020   2.0954  -1.9211  -0.5496   1.2793   0.8768  -0.8552   0.0023   0.1151   0.0382   0.4998   0.4218   0.0031 
  9.3000  -2.1197   1.8036   2.1886  -2.3223  -0.2147   0.9712   0.7695  -0.7530  -0.0056   0.1054  -0.0191   0.4992   0.4324   0.0011 
  9.4000  -1.3294   1.7792   2.1035  -1.6941  -0.6968   1.3390   0.6656  -0.6336   0.0107   0.0863  -0.0224   0.5003   0.4410  -0.0011 
  9.5000  -1.6090   1.7752   1.7509  -1.7509  -1.2733   1.5156   0.7877  -1.0794   0.0021   0.0861  -0.0038   0.5005   0.4496  -0.0015 
  9.6000  -2.4723   2.0467   1.7185  -1.6941  -0.9236   1.5840   1.0742  -1.3330  -0.0050   0.0991   0.0359   0.5000   0.4595   0.0021 
  9.7000  -2.3021   2.2170   2.3750  -2.2372  -0.4908   1.2274   1.0569  -1.1945   0.0007   0.1141  -0.0030   0.5001   0.4709   0.0018 
  9.8000  -2.0346   1.9941   1.8117  -2.0184  -0.4865   1.0577   0.9175  -0.9591  -0.0031   0.0982   0.0064   0.4997   0.4808   0.0025 
  9.9000  -1.9859   1.4469   2.1764  -2.3467  -0.4475   1.5926   0.9919  -0.9080  -0.0089   0.0994  -0.0354   0.4988   0.4907  -0.0011 
 10.0000  -1.5685   2.0103   1.8360  -1.8238  -0.8535   1.7813   1.0872  -0.7141   0.0057   0.0905  -0.0026   0.4994   0.4998  -0.0013 
 10.1000  -1.8968   2.0589   1.8117  -1.9941  -0.9668   1.6931   1.2213  -1.0136  -0.0003   0.0970   0.0049   0.4994   0.5095  -0.0009 
 10.2000  -2.4480  -2.1197  -2.6142  -2.2129  -0.5791  -1.3607  -1.4031  -0.8301  -0.1174  -0.0009   0.0237   0.4876   0.5094   0.0015 
 10.3000  -2.6060  -3.3315  -3.3113  -2.5453  -0.1290  -0.8517  -0.9539  -0.3679  -0.1474  -0.0186   0.0013   0.4729   0.5075   0.0016 
 10.4000  -1.5077  -2.7155  -2.4561  -1.9211  -0.1956  -0.3956  -0.8612  -0.0615  -0.1075  -0.0218  -0.0218   0.4622   0.5053  -0.0005 
 10.5000  -2.3710  -2.6668  -3.0073  -2.0670  -0.1532  -0.5895  -0.9720  -0.0926  -0.1264  -0.0155   0.0209   0.4495   0.5038   0.0016 
 10.6000  -1.2402  -2.3264  -2.3142  -1.7509  -0.0866  -0.6154  -0.6855  -0.0415  -0.0954  -0.0206  -0.0170   0.4400   0.5017  -0.0001 
 10.7000  -2.2615  -2.1319  -2.4358  -2.0346  -0.0969  -0.5981  -0.8526  -0.1627  -0.1108  -0.0034   0.0172   0.4289   0.5013   0.0016 
 10.8000  -1.1672  -2.7236  -2.0062  -2.0427  -0.2969  -0.3177  -0.7548  -0.0511  -0.0992  -0.0190  -0.0517   0.4190   0.4994  -0.0036 
 10.9000  -2.4439  -1.8117  -2.4845  -1.8157  -0.1350  -0.0649  -0.6466  -0.1073  -0.1069  -0.0005   0.0422   0.4083   0.4994   0.0006 
 11.0000  -1.3253  -2.3021  -1.8644  -2.0954  -0.4241  -0.0909  -0.4181  -0.1342  -0.0948  -0.0093  -0.0392   0.3988   0.4985  -0.0033 
 11.1000  -2.3750  -1.3861  -1.9616  -1.9089  -0.2952  -0.4008  -0.7020  -0.1688  -0.0954   0.0117   0.0338   0.3893   0.4997   0.0001 
 11.2000  -1.9941  -2.0305  -2.0346  -1.9252  -0.0675  -0.2804  -0.6076  -0.3021  -0.0998  -0.0018   0.0024   0.3793   0.4995   0.0003 
 11.3000  -2.1886  -2.0467  -2.1400  -2.0954  -0.0822  -0.1073  -0.4380  -0.2406  -0.1059   0.0012   0.0061   0.3687   0.4996   0.0009 
 11.4000  -2.1035  -2.0711  -2.1400  -2.1156  -0.0623  -0.0658  -0.2294  -0.1177  -0.1054   0.0001   0.0018   0.3582   0.4996   0.0011 
 11.5000  -1.8360  -1.9576  -1.9454  -1.8968  -0.0658  -0.0770  -0.1809  -0.1515  -0.0954  -0.0021  -0.0024   0.3486   0.4994   0.0009 
 11.6000  -2.0346  -1.7306  -1.8725  -1.8846  -0.0831  -0.0571  -0.2519  -0.3289  -0.0940   0.0040   0.0095   0.3392   0.4998   0.0018 
 11.7000  -1.8644  -1.9981  -1.8360  -1.8117  -0.0770  -0.1740  -0.3229  -0.4925  -0.0939  -0.0020  -0.0036   0.3298   0.4996   0.0015 
 11.8000  -2.0711  -2.1035  -2.0954  -2.0954  -0.1454  -0.1186  -0.2051  -0.4674  -0.1046  -0.0004  -0.0011   0.3194   0.4995   0.0014 
 11.9000  -1.9738  -2.0103  -1.9738  -2.1278  -0.0632  -0.0848  -0.0883  -0.3358  -0.1011   0.0015  -0.0062   0.3093   0.4996   0.0008 
 12.0000  -1.9738  -2.0305  -2.0589  -2.2170  -0.0892  -0.0788  -0.1082  -0.2294  -0.1035   0.0013  -0.0070   0.2989   0.4998   0.0001 
 12.1000  -1.9981  -1.8644  -1.8481  -1.9454  -0.0580  -0.0649  -0.1748  -0.2597  -0.0957   0.0029   0.0012   0.2893   0.5000   0.0002 
 12.2000  -1.9576  -2.0305  -1.9616  -1.9495  -0.0943  -0.1125  -0.2389  -0.3341  -0.0987  -0.0011  -0.0020   0.2795   0.4999  -0.0000 
 12.3000  -2.0670  -2.0832  -2.0224  -2.0467  -0.0736  -0.0641  -0.1766  -0.2856  -0.1027   0.0001  -0.0013   0.2692   0.5000  -0.0002 
 12.4000  -1.9495  -1.9333  -1.9211  -1.9454  -0.0779  -0.0632  -0.1878  -0.2605  -0.0969   0.0005  -0.0003   0.2595   0.5000  -0.0002 
 12.5000  -1.9941  -1.9616  -2.0467  -2.1075  -0.0874  -0.0831  -0.2138  -0.2147  -0.1014   0.0012  -0.0009   0.2494   0.5001  -0.0003 
 12.6000  -1.9089  -1.9089  -1.9252  -1.9089  -0.1047  -0.0666  -0.2597  -0.2164  -0.0956  -0.0002   0.0005   0.2398   0.5001  -0.0002 
 12.7000  -2.0589  -1.9576  -1.9697  -1.9252  -0.1013  -0.1532  -0.3358  -0.3384  -0.0989   0.0007   0.0047   0.2299   0.5002   0.0003 
 12.8000  -1.9941  -1.9616  -1.9454  -1.9495  -0.0701  -0.2077  -0.3506  -0.3462  -0.0981   0.0005   0.0009   0.2201   0.5002   0.0003 
 12.9000  -2.1562  -2.1764  -2.2008  -2.1886  -0.0770  -0.1454  -0.2553  -0.2493  -0.1090  -0.0004  -0.0003   0.2092   0.5002   0.0003 
 13.0000  -1.8279  -1.9859  -1.8522  -2.0954  -0.1160  -0.0909  -0.2121  -0.0926  -0.0970   0.0011  -0.0130   0.1995   0.5003  -0.0010 
 13.1000  -1.9211  -1.8846  -1.8765  -1.8481  -0.1073  -0.1593  -0.5055  -0.1835  -0.0941   0.0001   0.0021   0.1901   0.5003  -0.0008 
 13.2000  -2.1319  -2.0913  -2.1521  -2.1400  -0.0744  -0.2199  -0.4380  -0.1783  -0.1064   0.0004   0.0017   0.1794   0.5003  -0.0006 
 13.3000  -1.9008  -2.0832  -1.9454  -2.0062  -0.0641  -0.1030  -0.3809  -0.0710  -0.0992  -0.0015  -0.0079   0.1695   0.5002  -0.0014 
 13.4000  -2.0224  -1.9859  -2.0913  -1.9211  -0.1091  -0.0874  -0.4475  -0.1091  -0.1003  -0.0017   0.0067   0.1595   0.5000  -0.0007 
 13.5000  -2.0346  -1.9616  -2.0305  -1.9738  -0.0675  -0.1212  -0.3627  -0.1333  -0.1000   0.0002   0.0042   0.1495   0.5001  -0.0003 
 13.6000  -1.9211  -2.0711  -2.2980  -2.0467  -0.0805  -0.1160  -0.2043  -0.1160  -0.1042  -0.0050   0.0033   0.1391   0.4996   0.0000 
 13.7000  -2.0954  -1.8481  -1.9495  -1.9738  -0.0684  -0.0796  -0.1714  -0.1368  -0.0983   0.0034   0.0072   0.1292   0.4999   0.0008 
 13.8000  -1.7266  -1.9616  -1.8117  -1.7630  -0.1134  -0.1645  -0.3298  -0.2986  -0.0908  -0.0035  -0.0061   0.1202   0.4996   0.0001 
 13.9000  -2.0711  -2.0184  -2.0913  -2.0346  -0.1965  -0.1740  -0.3393  -0.4077  -0.1027  -0.0001   0.0036   0.1099   0.4995   0.0005 
 14.0000  -2.0913  -2.1278  -2.1643  -2.2129  -0.1056  -0.0969  -0.1697  -0.2415  -0.1075   0.0002  -0.0028   0.0991   0.4996   0.0002 
 14.1000  -2.0467  -1.9495  -2.0913  -2.2534  -0.0641  -0.0779  -0.0580  -0.0606  -0.1043   0.0032  -0.0021   0.0887   0.4999   0.0000 
 14.2000  -1.7306  -1.6658  -1.7630  -1.8522  -0.0727  -0.0762  -0.2216  -0.0563  -0.0876   0.0019  -0.0008   0.0800   0.5001  -0.0001 
 14.3000  -2.0711  -1.9738  -2.0103  -1.8765  -0.1065  -0.2519  -0.3964  -0.3497  -0.0991  -0.0005   0.0075   0.0700   0.5000   0.0007 
 14.4000  -1.8968  -1.7549  -1.8117  -1.8036  -0.1091  -0.4129  -0.3938  -0.4700  -0.0908   0.0017   0.0049   0.0610   0.5002   0.0012 
 14.5000  -2.2048  -2.3507  -2.2129  -2.3021  -0.1342  -0.4068  -0.3938  -0.4285  -0.1134  -0.0007  -0.0076   0.0496   0.5001   0.0004 
 14.6000  -1.9576  -2.1197  -2.2534  -2.3102  -0.0623  -0.1030  -0.0805  -0.0312  -0.1080  -0.0013  -0.0071   0.0388   0.5000  -0.0003 
 14.7000  -1.8400  -1.8360  -1.9738  -1.8360  -0.0822  -0.0961  -0.1342  -0.1601  -0.0936  -0.0017   0.0046   0.0295   0.4998   0.0002 
 14.8000  -2.0548  -2.1683  -2.0711  -2.1075  -0.0805  -0.0995  -0.1653  -0.2640  -0.1050  -0.0010  -0.0049   0.0190   0.4997  -0.0003 
 14.9000  -1.9859  -1.8846  -1.9738  -1.9576  -0.0822  -0.0857  -0.0822  -0.1281  -0.0975   0.0011   0.0038   0.0092   0.4998   0.0001 
 15.0000  -1.9576  -1.8360  -1.7752  -1.8522  -0.0770  -0.2086  -0.2450  -0.3064  -0.0928   0.0025   0.0014  -0.0001   0.5001   0.0002 
 15.1000  -2.0670  -2.1156  -2.1035  -2.1278  -0.1368  -0.2588  -0.2709  -0.2614  -0.1052  -0.0003  -0.0024  -0.0106   0.5000  -0.0000 
 15.2000   1.1470  -1.3415  -1.2199   0.7538   1.8991  -0.5090  -0.6007   1.8930  -0.0083  -0.0558  -0.0167  -0.0114   0.4944  -0.0017 
 15.3000   2.4439  -1.7752  -1.6901   2.5534   2.0038  -1.0534  -1.4706   1.9475   0.0192  -0.1058   0.0008  -0.0095   0.4839  -0.0016 
 15.4000   3.6598  -1.5969  -2.5412   5.1918   2.2011  -1.4135  -1.1045   1.8792   0.0589  -0.1624   0.0804  -0.0036   0.4676   0.0064 
 15.5000   5.2567  -2.7965  -1.7914   3.8949   1.1832  -1.4325  -0.8803   0.7072   0.0570  -0.1717  -0.0768   0.0022   0.4505  -0.0013 
 15.6000   1.5604  -1.6212  -2.2859   2.5534   0.7885  -1.0776  -1.2559   0.5540   0.0026  -0.1003   0.0538   0.0024   0.4405   0.0041 
 15.7000   3.1654  -2.7641  -1.9454   2.1035   1.3962  -1.3295  -1.0361   1.0196   0.0070  -0.1247  -0.0611   0.0032   0.4280  -0.0020 
 15.8000   1.4874  -1.6941  -2.7357   2.2980   0.9305  -1.0248  -0.8457   0.7184  -0.0081  -0.1027   0.0601   0.0023   0.4177   0.0040 
 15.9000   2.3507  -2.0346  -1.6455   1.5199   1.3001  -1.4602  -0.7115   0.6838   0.0024  -0.0944  -0.0396   0.0026   0.4083   0.0001 
 16.0000   1.5847  -2.0346  -2.0913   2.0467   1.1754  -1.2334  -1.2101   0.7418  -0.0062  -0.0970   0.0168   0.0020   0.3986   0.0017 
 16.1000   2.0832  -2.7398  -1.5969   1.0943   1.2386  -0.9616  -1.1651   1.1365  -0.0145  -0.0939  -0.0692   0.0006   0.3892  -0.0052 
 16.2000   1.5725  -1.5969  -2.4682   2.3710   1.2109  -0.8664  -1.1460   1.4031  -0.0015  -0.1001   0.0542   0.0004   0.3792   0.0002 
 16.3000   2.2615  -2.0832  -1.8765   1.9981   1.2914  -1.1902  -0.9097   0.8448   0.0037  -0.1027  -0.0153   0.0007   0.3689  -0.0013 
 16.4000   1.4996  -1.7266  -2.0062   2.0832   1.3235  -1.2153  -1.1763   0.9028  -0.0019  -0.0914   0.0280   0.0005   0.3598   0.0015 
 16.5000   2.7357  -2.0062  -2.2008   1.9373   1.1469  -1.4394  -0.8993   0.9599   0.0058  -0.1110  -0.0196   0.0011   0.3487  -0.0004 
 16.6000   1.5685  -2.2048  -1.9859   1.9738   1.1270  -0.9365  -1.1270   0.7115  -0.0081  -0.0967   0.0061   0.0003   0.3390   0.0002 
 16.7000   2.2615  -1.9130  -1.9252   1.7995   1.1555  -1.0958  -1.0006   1.0352   0.0028  -0.0987  -0.0146   0.0006   0.3291  -0.0013 
 16.8000   2.1926  -2.2615  -2.0346   1.8117   0.8509  -0.8725  -1.1694   1.0465  -0.0036  -0.1038  -0.0197   0.0002   0.3187  -0.0033 
 16.9000   1.0497  -0.8754  -2.3102   2.4561   1.4005  -1.2421  -0.9642   0.8119   0.0040  -0.0836   0.0922   0.0006   0.3104   0.0059 
 17.0000   2.6668  -2.6263  -1.6455   1.0092   1.5753  -1.7562  -1.0257   1.1157  -0.0074  -0.0993  -0.0857  -0.0001   0.3004  -0.0026 
 17.1000   1.6414  -1.7549  -2.3750   2.7114   1.3235  -0.9954  -1.2568   1.1919   0.0028  -0.1060   0.0549   0.0002   0.2898   0.0029 
 17.2000   2.5939  -2.7114  -1.7306   1.7022   1.2741  -1.0430  -0.9435   0.9063  -0.0018  -0.1092  -0.0608   0.0000   0.2789  -0.0032 
 17.3000   1.6698  -1.7752  -2.2615   2.0548   1.0283  -0.6959  -1.0222   1.2620  -0.0039  -0.0970   0.0283  -0.0004   0.2692  -0.0004 
 17.4000   1.9616  -2.0305  -1.7022   2.1805   1.4715  -0.9642  -1.0188   1.0144   0.0051  -0.0984  -0.0036   0.0001   0.2594  -0.0007 
 17.5000   1.6698  -1.7063  -2.1643   1.9981   1.4143  -1.1417  -1.0127   1.1140  -0.0025  -0.0942   0.0255  -0.0002   0.2499   0.0018 
 17.6000   2.1400  -2.1886  -1.7914   1.8036   1.5624  -1.1339  -1.0188   1.2326  -0.0005  -0.0990  -0.0238  -0.0002   0.2400  -0.0006 
 17.7000   2.3467  -2.0711  -2.4439   2.0224   1.1495  -0.8967  -0.8967   1.3529  -0.0018  -0.1111   0.0016  -0.0004   0.2289  -0.0004 
 17.8000   2.1886  -1.8644  -1.7671   1.7428   1.0880  -0.8439  -0.9184   1.2559   0.0037  -0.0945  -0.0176  -0.0000   0.2195  -0.0022 
 17.9000   1.6333  -2.1926  -2.6182   2.4358   1.4066  -0.7513  -0.8439   1.1157  -0.0093  -0.1110   0.0399  -0.0010   0.2084   0.0018 
 18.0000   2.0224  -1.5563  -1.6455   1.9941   1.4845  -0.9487  -0.4613   0.9469   0.0102  -0.0902   0.0020   0.0001   0.1994   0.0020 
 18.1000   2.1683  -2.0467  -1.6090   1.7144   1.3382  -1.1815  -1.1382   1.2075   0.0028  -0.0942  -0.0289   0.0004   0.1899  -0.0009 
 18.2000   1.9252  -2.0346  -2.2656   1.9495   1.2966  -0.9764  -1.0370   1.3624  -0.0053  -0.1022   0.0083  -0.0002   0.1797  -0.0001 
 18.3000   2.4439  -2.0224  -1.9616   2.0670   1.1841  -0.9019  -0.8569   1.2005   0.0066  -0.1062  -0.0142   0.0005   0.1691  -0.0015 
 18.4000   1.8279  -1.8968  -2.0589   2.1521   1.0638  -0.8855  -1.0101   0.9772   0.0003  -0.0992   0.0158   0.0005   0.1592   0.0001 
 18.5000   1.5199  -1.5118  -2.1156   2.2859   1.5442  -1.3676  -0.8500   0.7998   0.0022  -0.0929   0.0445   0.0007   0.1499   0.0046 
 18.6000   2.9911  -2.2372  -1.5807   1.4510   1.0144  -1.5398  -1.0638   1.0127   0.0078  -0.1032  -0.0713   0.0016   0.1396  -0.0026 
 18.7000   1.3010  -1.9738  -2.7884   2.3507   1.1131  -1.0292  -1.1737   0.9088  -0.0139  -0.1052   0.0605   0.0001   0.1291   0.0035 
 18.8000   2.3953  -2.2048  -0.6931   0.9160   1.3737  -1.2274  -1.1876   1.3191   0.0052  -0.0776  -0.0971   0.0007   0.1213  -0.0062 
 18.9000   1.5239  -1.4955  -3.0154   3.0073   1.2274  -1.4342  -1.6255   1.4040   0.0003  -0.1130   0.0975   0.0006   0.1100   0.0035 
 19.0000   2.3831  -3.1654  -1.5199   1.7185   1.4386  -1.0975  -0.9383   0.7219  -0.0073  -0.1098  -0.0750  -0.0000   0.0990  -0.0040 
 19.1000   1.6455  -1.1186  -2.6628   2.8816   1.0681  -1.0941  -0.9781   0.9357   0.0093  -0.1039   0.0903   0.0008   0.0886   0.0050 
 19.2000   2.5817  -2.8573  -1.1835   0.8025   1.1322  -1.2923  -1.0110   0.9166  -0.0082  -0.0928  -0.1121   0.0001   0.0793  -0.0062 
 19.3000   1.3415  -1.2078  -2.6020   2.5412   1.0491  -0.9738  -1.4680   1.4853   0.0009  -0.0962   0.0842   0.0001   0.0697   0.0023 
 19.4000   2.7357  -2.6020  -1.8157   1.7792   1.1754  -1.2750  -0.9971   0.8924   0.0012  -0.1117  -0.0566   0.0002   0.0586  -0.0034 
 19.5000   1.2199  -1.5239  -2.7722   2.7357   1.0430  -0.9192  -0.8188   0.7219  -0.0043  -0.1031   0.0897  -0.0002   0.0482   0.0056 
 19.6000   2.4196  -2.3223  -1.5118   1.0943   1.3338  -1.2360  -0.4968   0.8751  -0.0040  -0.0918  -0.0693  -0.0006   0.0391  -0.0014 
 19.7000   1.6212  -1.3010  -2.0548   2.0792   1.3001  -1.1382  -1.1036   1.3546   0.0043  -0.0882   0.0393  -0.0001   0.0302   0.0026 
 19.8000   2.6668  -2.5817  -1.6455   1.8117   1.3139  -1.2629  -1.1123   1.0932   0.0031  -0.1088  -0.0582   0.0002   0.0194  -0.0033 
 19.9000   1.3537  -1.6293  -2.5169   2.1643   1.1616  -0.9677  -0.9807   1.2109  -0.0079  -0.0958   0.0551  -0.0006   0.0098   0.0023 
 20.0000   2.8857  -2.3831  -1.3253   1.8238   1.2663  -1.0629  -1.0205   1.2127   0.0125  -0.1052  -0.0688   0.0007  -0.0007  -0.0046 
