  0.1000  -0.0000   0.0000  -0.0000   0.0000  -0.1619  -0.0519  -0.0000  -0.0043   0.0000   0.0000   0.0000   0.0000   0.0000   0.0000 
  0.2000   0.1702   1.5847   0.0770   1.8238  -0.2034   1.1547  -0.0000   1.0335   0.0457  -0.0042   0.1026   0.0046  -0.0004   0.0103 
  0.3000   0.0851   2.6142  -0.0000   2.9587  -0.1411   1.0612   0.0113   0.8708   0.0707  -0.0054   0.1782   0.0116  -0.0009   0.0281 
  0.4000   0.3526   3.7084  -0.0000   3.7247  -0.3029   0.8387   0.0234   0.7522   0.0973  -0.0046   0.2299   0.0214  -0.0011   0.0511 
  0.5000   0.0851   4.1016  -0.0122   4.2597  -0.1679   0.8041   0.0294   0.6881   0.1054  -0.0032   0.2691   0.0319  -0.0008   0.0780 
  0.6000   0.2067   4.1948   0.0041   4.5717  -0.2952   0.8889   0.0467   0.5756   0.1122  -0.0072   0.2778   0.0432  -0.0007   0.1058 
  0.7000   0.3567   4.1016   0.1135   4.3934  -0.3506   0.9902   0.0286   0.7080   0.1121  -0.0067   0.2605   0.0544  -0.0002   0.1318 
  0.8000   0.0041   4.6487   0.1378   4.7420  -0.2069   0.7063   0.0312   0.4813   0.1192   0.0005   0.3003   0.0662   0.0014   0.1618 
  0.9000   0.3688   5.1594   0.3688   4.2070  -0.4639   0.4414   0.0061   0.7669   0.1263   0.0119   0.2802   0.0785   0.0046   0.1899 
  1.0000  -0.0000   4.7055   0.1743   4.4988  -0.2008   0.6172   0.0078   0.5323   0.1172   0.0048   0.2932   0.0899   0.0073   0.2192 
  1.1000   0.0486   4.3569   0.2229   4.5474  -0.2337   0.7504   0.0130   0.4553   0.1147  -0.0002   0.2803   0.1011   0.0098   0.2472 
  1.2000   0.0892   4.2434   0.0648   4.2961  -0.3384   0.7634   0.0078   0.5531   0.1087  -0.0010   0.2723   0.1117   0.0124   0.2744 
  1.3000   0.0041   4.2678  -0.0000   4.3204  -0.2683   0.7150   0.0182   0.5116   0.1074  -0.0007   0.2787   0.1220   0.0152   0.3023 
  1.4000   0.1013   4.0043   0.1459   4.0165  -0.2519   0.8509  -0.0000   0.6829   0.1034   0.0004   0.2524   0.1319   0.0183   0.3275 
  1.5000   0.0243   4.2799  -0.0000   4.3204  -0.2181   0.6821   0.0069   0.4544   0.1078  -0.0008   0.2784   0.1421   0.0217   0.3554 
  1.6000   0.1013   3.9638   0.0648   4.4542  -0.2346   0.8145   0.0069   0.3410   0.1073  -0.0066   0.2679   0.1524   0.0248   0.3822 
  1.7000   0.0365   4.0489   0.0486   4.2353  -0.2796   0.7773  -0.0000   0.5072   0.1046  -0.0022   0.2662   0.1622   0.0285   0.4088 
  1.8000   0.0122   4.1462  -0.0122   4.1624  -0.2250   0.7288   0.0026   0.5176   0.1039  -0.0005   0.2698   0.1717   0.0326   0.4358 
  1.9000   0.1581   3.8300   0.2067   3.8706  -0.3332   0.8612  -0.0190   0.6656   0.1008   0.0001   0.2382   0.1809   0.0369   0.4596 
  2.0000   0.0041   4.0773   0.0041   4.2556  -0.1939   0.7479   0.0043   0.4596   0.1043  -0.0022   0.2703   0.1903   0.0413   0.4866 
  2.1000   0.1459   3.8584   0.1864   4.2597  -0.2753   0.8751  -0.0043   0.4094   0.1056  -0.0045   0.2528   0.1999   0.0458   0.5119 
  2.2000   0.0648   4.0286  -0.0000   4.1502  -0.2891   0.7885  -0.0000   0.5418   0.1030  -0.0023   0.2634   0.2090   0.0507   0.5382 
  2.3000   0.0648   4.1218  -0.0041   4.3326  -0.2701   0.7366   0.0009   0.4276   0.1064  -0.0035   0.2725   0.2183   0.0558   0.5655 
  2.4000   0.1986   4.7095   0.3040   3.8787  -0.3081   0.4449  -0.0268   0.6734   0.1136   0.0117   0.2625   0.2272   0.0629   0.5917 
  2.5000  -0.0243   4.1745   0.0041   4.1745  -0.2181   0.7020  -0.0000   0.4639   0.1041   0.0004   0.2717   0.2359   0.0688   0.6189 
  2.6000   0.1216   3.7814   0.1094   4.3934  -0.3203   0.9218   0.0052   0.3869   0.1051  -0.0078   0.2579   0.2449   0.0742   0.6447 
  2.7000   0.1256   3.9151   0.0243   4.0894  -0.3029   0.8578   0.0009   0.5661   0.1019  -0.0034   0.2550   0.2532   0.0801   0.6702 
  2.8000   0.0527   4.0732  -0.0122   4.1097  -0.2865   0.8188   0.0130   0.5254   0.1028  -0.0013   0.2644   0.2614   0.0864   0.6966 
  2.9000   0.1864   4.3650   0.1864   3.8057  -0.3575   0.7617  -0.0043   0.6985   0.1068   0.0070   0.2532   0.2691   0.0937   0.7220 
  3.0000  -0.0730   4.2434  -0.0000   4.1097  -0.1904   0.7479   0.0026   0.5349   0.1035   0.0026   0.2736   0.2767   0.1008   0.7493 
  3.1000  -0.0000   4.1583   0.0122   3.8787  -0.2025   0.7747   0.0061   0.6951   0.1006   0.0036   0.2605   0.2838   0.1079   0.7754 
  3.2000   0.1702   3.9678   0.0041   4.1137  -0.3644   0.8941   0.0052   0.5687   0.1032  -0.0039   0.2567   0.2915   0.1148   0.8010 
  3.3000   0.1135   4.1259   0.0041   4.1016  -0.3107   0.8258   0.0164   0.6120   0.1043  -0.0011   0.2633   0.2988   0.1223   0.8274 
  3.4000   0.3161   4.5393   0.2837   4.0732  -0.3860   0.6267  -0.0182   0.5964   0.1152   0.0054   0.2602   0.3062   0.1311   0.8534 
  3.5000   0.0892   4.1989   0.0162   4.0732  -0.3281   0.7470   0.0043   0.6102   0.1047   0.0007   0.2652   0.3130   0.1390   0.8799 
  3.6000   0.0608   3.9395   0.0486   3.9638  -0.2865   0.9192   0.0052   0.7054   0.1002  -0.0005   0.2530   0.3194   0.1467   0.9052 
  3.7000   0.1337   3.7855   0.0730   4.0165  -0.3947   1.0084   0.0052   0.6448   0.1001  -0.0036   0.2466   0.3259   0.1544   0.9299 
  3.8000   0.0648   4.0975  -0.0122   4.2961  -0.3047   0.8396   0.0277   0.5462   0.1056  -0.0034   0.2708   0.3325   0.1626   0.9570 
  3.9000   0.0730   4.0773   0.0243   4.2434  -0.3358   0.8509   0.0390   0.5341   0.1052  -0.0027   0.2670   0.3388   0.1711   0.9837 
  4.0000  -0.0041   4.1745   0.0365   4.0246  -0.2744   0.7643   0.0138   0.6803   0.1029   0.0024   0.2652   0.3443   0.1798   1.0102 
  4.1000   0.0162   3.9922   0.0041   4.0165  -0.2761   0.8976   0.0424   0.6907   0.1004  -0.0005   0.2594   0.3497   0.1883   1.0361 
  4.2000   0.1621   4.8027   0.3526   4.3691  -0.4008   0.4440  -0.0095   0.5618   0.1211   0.0078   0.2811   0.3552   0.1991   1.0642 
  4.3000   0.1337   4.0003   0.0162   4.0854  -0.3687   0.8924   0.0234   0.6691   0.1029  -0.0025   0.2577   0.3604   0.2080   1.0900 
  4.4000  -0.0162   3.9030  -0.0122   4.2718  -0.2562   0.9790   0.0398   0.5851   0.1018  -0.0046   0.2663   0.3655   0.2168   1.1166 
  4.5000   0.2594   3.8300   0.0041   4.0367  -0.4397   1.0318   0.0260   0.7158   0.1016  -0.0058   0.2469   0.3705   0.2256   1.1413 
  4.6000   0.1013   3.9638   0.0041   4.0894  -0.3358   0.9591   0.0364   0.6968   0.1020  -0.0028   0.2580   0.3750   0.2348   1.1671 
  4.7000   0.0973   4.4542   0.3283   4.4501  -0.2813   0.6985   0.0130   0.4665   0.1166   0.0029   0.2753   0.3793   0.2456   1.1946 
  4.8000  -0.0000   4.1381  -0.0122   4.1137  -0.2441   0.8846   0.0364   0.6976   0.1030   0.0002   0.2683   0.3830   0.2552   1.2215 
  4.9000  -0.0365   4.0611  -0.0000   3.9638  -0.2441   0.9314   0.0441   0.7582   0.0999   0.0017   0.2617   0.3863   0.2647   1.2476 
  5.0000   0.0851   3.9759   0.0284   4.2475  -0.3255   0.9097   0.0026   0.6120   0.1042  -0.0041   0.2633   0.3900   0.2744   1.2740 
  5.1000   0.1013   4.0651   0.0041   4.1097  -0.3436   0.9227   0.0338   0.6881   0.1035  -0.0018   0.2620   0.3932   0.2843   1.3002 
  5.2000   0.0608   4.4015   0.3404   4.2556  -0.3185   0.6890  -0.0277   0.6457   0.1132   0.0053   0.2680   0.3957   0.2953   1.3270 
  5.3000   0.0243   4.1462   0.0770   4.1462  -0.2501   0.8431   0.0078   0.7028   0.1049   0.0007   0.2659   0.3982   0.3055   1.3536 
  5.4000   0.0041   3.9678  -0.0041   4.0286  -0.2233   0.9608   0.0234   0.7418   0.1000  -0.0009   0.2596   0.4004   0.3153   1.3795 
  5.5000   0.0973   4.3691   0.1013   3.9273  -0.2796   0.7253   0.0009   0.7911   0.1062   0.0056   0.2629   0.4019   0.3258   1.4058 
  5.6000   0.0162   3.9759   0.0284   4.0043  -0.2354   0.9236   0.0199   0.7825   0.1003  -0.0002   0.2577   0.4036   0.3357   1.4316 
  5.7000   0.1256   4.3569   0.4377   4.2840  -0.3133   0.7072  -0.0736   0.6076   0.1151   0.0048   0.2623   0.4047   0.3471   1.4578 
  5.8000  -0.0243   4.2718   0.0648   4.2110  -0.2354   0.7574  -0.0000   0.6959   0.1065   0.0019   0.2741   0.4057   0.3577   1.4852 
  5.9000  -0.0162   3.9881   0.2472   3.8300  -0.2164   0.9002  -0.0441   0.9166   0.1006   0.0053   0.2463   0.4060   0.3678   1.5099 
  6.0000   0.0730   4.2678   0.0608   3.9435  -0.2155   0.7825  -0.0528   0.8656   0.1043   0.0039   0.2623   0.4063   0.3783   1.5361 
  6.1000   0.0162   4.0611   0.0608   3.9435  -0.2380   0.8309  -0.0424   0.8699   0.1010   0.0020   0.2574   0.4064   0.3884   1.5618 
  6.2000   0.1864   4.3448   0.1378   4.1218  -0.3454   0.6873  -0.0779   0.7686   0.1099   0.0022   0.2644   0.4063   0.3993   1.5883 
  6.3000   0.2553   3.9678   0.0162   4.0854  -0.3739   0.8846  -0.0355   0.8197   0.1041  -0.0045   0.2527   0.4066   0.4098   1.6135 
  6.4000   0.0892   3.8908  -0.0041   3.9395  -0.3021   0.9582  -0.0511   0.9097   0.0989  -0.0018   0.2515   0.4063   0.4197   1.6387 
  6.5000   0.1702   4.8149   0.0162   4.0489  -0.3211   0.4605  -0.0589   0.8760   0.1131   0.0076   0.2817   0.4048   0.4309   1.6668 
  6.6000   0.1094   4.0651   0.0041   4.0773  -0.3540   0.8353  -0.0320   0.8171   0.1032  -0.0015   0.2607   0.4039   0.4412   1.6929 
  6.7000   0.1500   4.2718   0.1216   4.1948  -0.3298   0.7409  -0.0554   0.7721   0.1092   0.0006   0.2661   0.4026   0.4520   1.7195 
  6.8000   0.0365   4.1948  -0.0405   4.0732  -0.2562   0.7756  -0.0061   0.8422   0.1033   0.0006   0.2686   0.4010   0.4622   1.7464 
  6.9000  -0.0041   4.0043   0.0162   4.1016  -0.2424   0.8612  -0.0138   0.8266   0.1015  -0.0010   0.2628   0.3993   0.4722   1.7727 
  7.0000   0.1864   4.8392   0.0851   3.9314  -0.4337   0.4492  -0.0260   0.9521   0.1130   0.0101   0.2759   0.3960   0.4831   1.8002 
  7.1000   0.1621   3.9030  -0.0041   4.0854  -0.3696   0.9149  -0.0087   0.8327   0.1018  -0.0044   0.2542   0.3941   0.4931   1.8257 
  7.2000   0.0648   3.7976   0.0122   4.3448  -0.3618   1.0110  -0.0017   0.6708   0.1027  -0.0075   0.2619   0.3923   0.5032   1.8519 
  7.3000   0.1135   4.1016  -0.0486   4.2110  -0.3557   0.8379  -0.0000   0.7686   0.1047  -0.0034   0.2678   0.3897   0.5134   1.8786 
  7.4000  -0.0122   4.0408   0.0770   4.0124  -0.3255   0.8682  -0.0000   0.8881   0.1015   0.0015   0.2594   0.3865   0.5230   1.9046 
  7.5000   0.1256   4.6690   0.0122   3.7125  -0.4345   0.6024  -0.0095   1.0387   0.1065   0.0105   0.2677   0.3820   0.5327   1.9313 
  7.6000   0.0122   4.0732  -0.0041   3.9881  -0.2969   0.8734  -0.0000   0.8803   0.1009   0.0009   0.2615   0.3784   0.5421   1.9575 
  7.7000  -0.0041   4.0286   0.0486   4.1016  -0.2952   0.9513  -0.0000   0.8171   0.1022  -0.0003   0.2625   0.3745   0.5516   1.9837 
  7.8000   0.0041   4.1016  -0.0405   4.0854  -0.3358   0.8673  -0.0000   0.8898   0.1019  -0.0004   0.2670   0.3705   0.5610   2.0104 
  7.9000  -0.0000   3.9557  -0.0162   4.0732  -0.3246   0.9712   0.0069   0.8863   0.1002  -0.0017   0.2612   0.3664   0.5701   2.0366 
  8.0000   0.2959   4.6244   0.1621   3.7936  -0.4873   0.6146  -0.0078   0.9279   0.1109   0.0087   0.2584   0.3606   0.5796   2.0624 
  8.1000   0.2189   4.1624   0.0041   4.4015  -0.4795   0.8768   0.0121   0.7409   0.1098  -0.0057   0.2708   0.3559   0.5896   2.0895 
  8.2000  -0.0041   3.8665   0.0973   4.1948  -0.3012   1.0326   0.0095   0.8275   0.1019  -0.0028   0.2587   0.3511   0.5986   2.1154 
  8.3000   0.0365   3.9678   0.1743   3.9435  -0.3540   1.0222  -0.0061   0.9080   0.1015   0.0020   0.2500   0.3457   0.6071   2.1404 
  8.4000  -0.0162   3.9395   0.0041   4.1705  -0.3159   1.0222   0.0052   0.8457   0.1012  -0.0026   0.2637   0.3404   0.6158   2.1667 
  8.5000   0.1864   4.4623   0.2229   3.9678  -0.4328   0.8907  -0.0182   0.9279   0.1105   0.0066   0.2604   0.3337   0.6246   2.1928 
  8.6000   0.1013   4.0003   0.0973   4.1583  -0.3999   1.0361  -0.0000   0.8647   0.1045  -0.0020   0.2584   0.3278   0.6332   2.2186 
  8.7000   0.0041   3.9192   0.1337   4.0529  -0.3047   1.0863  -0.0216   0.9019   0.1014  -0.0001   0.2544   0.3217   0.6413   2.2440 
  8.8000   0.0405   3.8827   0.1945   4.1259  -0.3367   1.0854  -0.0805   0.9495   0.1030  -0.0011   0.2524   0.3153   0.6494   2.2693 
  8.9000   0.0365   3.9192   0.0284   4.1745  -0.3125   1.1287  -0.0294   0.8491   0.1020  -0.0033   0.2607   0.3090   0.6574   2.2954 
  9.0000  -0.0648   3.9800   0.4620   4.2799  -0.2943   1.1149  -0.2519   0.7617   0.1082   0.0028   0.2553   0.3016   0.6653   2.3209 
  9.1000  -0.0162   4.1340   0.1378   4.2475  -0.2579   1.0119  -0.1463   0.8465   0.1063   0.0005   0.2682   0.2944   0.6731   2.3477 
  9.2000  -0.0243   4.0732   0.1216   4.0611  -0.2666   1.0742  -0.1506   0.9236   0.1029   0.0020   0.2609   0.2870   0.6803   2.3738 
  9.3000   0.1135   3.8949   0.1459   4.3650  -0.3410   1.0941  -0.1627   0.7427   0.1065  -0.0055   0.2598   0.2797   0.6881   2.3998 
  9.4000   0.1135   4.0408   0.0162   4.3083  -0.3488   1.0949  -0.1264   0.7262   0.1060  -0.0046   0.2669   0.2722   0.6956   2.4265 
  9.5000   0.0608   4.1016   0.2432   4.3812  -0.3211   1.0586  -0.2372   0.6440   0.1098  -0.0012   0.2655   0.2640   0.7029   2.4530 
  9.6000   0.0851   4.1745  -0.0000   4.2961  -0.2796   0.9738  -0.1229   0.6803   0.1069  -0.0026   0.2723   0.2559   0.7099   2.4802 
  9.7000  -0.0000   3.8300   0.0284   4.2232  -0.2276   1.2222  -0.1541   0.6812   0.1010  -0.0046   0.2605   0.2482   0.7164   2.5063 
  9.8000  -0.1094   3.9759   0.0041   4.1624  -0.2008   1.0906  -0.1229   0.7323   0.1004  -0.0009   0.2677   0.2402   0.7225   2.5331 
  9.9000   0.0284   4.0611  -0.0041   4.3569  -0.2181   1.0915  -0.1108   0.6042   0.1055  -0.0041   0.2725   0.2318   0.7288   2.5603 
 10.0000   0.0405   4.0894   0.1500   4.1989  -0.2225   1.0525  -0.2164   0.6570   0.1060   0.0000   0.2629   0.2229   0.7346   2.5866 
 10.1000   0.0122   4.2110   0.0284   4.3083  -0.1740   0.9928  -0.1264   0.6076   0.1070  -0.0010   0.2753   0.2139   0.7404   2.6141 
 10.2000   0.0365   3.8341   0.0486   4.3083  -0.1748   1.2127  -0.1523   0.5540   0.1028  -0.0058   0.2616   0.2053   0.7460   2.6403 
 10.3000   0.0041   4.6001   0.1337   3.9273  -0.1272   0.8335  -0.1956   0.7401   0.1083   0.0100   0.2724   0.1953   0.7504   2.6675 
 10.4000  -0.0365   4.1583   0.0162   4.1462  -0.1151   1.0205  -0.1350   0.6362   0.1036   0.0008   0.2703   0.1860   0.7550   2.6946 
 10.5000  -0.0730   3.8544   0.1864   3.9922  -0.1082   1.1997  -0.2389   0.6838   0.0995   0.0015   0.2511   0.1770   0.7592   2.7197 
 10.6000  -0.0041   4.1624   0.0122   4.2313  -0.1220   1.0093  -0.1376   0.5496   0.1050  -0.0007   0.2723   0.1674   0.7635   2.7469 
 10.7000  -0.0000   4.2597   0.0405   4.1948  -0.0961   0.9963  -0.1454   0.5367   0.1062   0.0013   0.2732   0.1576   0.7675   2.7742 
 10.8000   0.1824   4.6690   0.1378   4.0165  -0.1818   0.8240  -0.2285   0.6319   0.1126   0.0076   0.2716   0.1468   0.7708   2.8014 
 10.9000   0.0486   4.1826   0.0527   4.2232  -0.1852   1.0032  -0.1740   0.4977   0.1063  -0.0005   0.2696   0.1368   0.7744   2.8283 
 11.0000   0.0365   3.9192   0.1216   4.2353  -0.1255   1.1668  -0.1999   0.4466   0.1039  -0.0029   0.2596   0.1270   0.7779   2.8543 
 11.1000   0.1581   4.2191   0.0486   4.4137  -0.2424   0.9833  -0.1575   0.3367   0.1105  -0.0038   0.2736   0.1165   0.7814   2.8816 
 11.2000   0.2432   3.8057   0.3040   4.4177  -0.2519   1.2205  -0.2917   0.2856   0.1096  -0.0069   0.2492   0.1061   0.7849   2.9066 
 11.3000   0.1256   4.2961   0.1094   3.9557  -0.2112   0.9798  -0.2155   0.5150   0.1061   0.0041   0.2603   0.0957   0.7870   2.9326 
 11.4000  -0.0162   4.2232  -0.0162   4.1583  -0.1437   0.9850  -0.1523   0.4224   0.1044   0.0008   0.2732   0.0855   0.7891   2.9599 
 11.5000  -0.0041   3.9881   0.3161   4.1462  -0.1272   1.1010  -0.3445   0.4354   0.1056   0.0020   0.2540   0.0750   0.7908   2.9853 
 11.6000   0.0405   4.1826   0.0405   4.0975  -0.1307   0.9764  -0.2051   0.4293   0.1045   0.0011   0.2662   0.0647   0.7923   3.0119 
 11.7000  -0.0405   4.0367   0.2351   4.2313  -0.0909   1.0404  -0.2952   0.3748   0.1058   0.0010   0.2621   0.0542   0.7936   3.0381 
 11.8000  -0.0162   4.3529   0.0122   3.8665  -0.1454   0.9435  -0.2121   0.5427   0.1027   0.0064   0.2670   0.0439   0.7940   3.0648 
 11.9000   0.0365   4.1259   0.0243   3.9557  -0.1662   1.0153  -0.2060   0.5341   0.1018   0.0020   0.2604   0.0338   0.7946   3.0909 
 12.0000  -0.0770   3.8908   0.1743   3.9273  -0.0831   1.1382  -0.3038   0.5367   0.0989   0.0027   0.2507   0.0239   0.7948   3.1160 
 12.1000   0.0122   4.1462  -0.0162   4.1826  -0.1290   0.9928  -0.2034   0.4094   0.1041  -0.0008   0.2705   0.0135   0.7951   3.1430 
 12.2000  -0.0486   4.2475   0.0851   4.1259  -0.0857   0.9798  -0.2623   0.4501   0.1051   0.0032   0.2707   0.0029   0.7948   3.1701 
 12.3000   0.1581   4.6447   0.0892   4.0124  -0.1774   0.8119  -0.2640   0.5159   0.1113   0.0070   0.2730  -0.0082   0.7938   3.1974 
 12.4000   0.0486   4.2070   0.0041   4.0773  -0.1030   0.9634  -0.2147   0.4769   0.1042   0.0011   0.2673  -0.0186   0.7931   3.2241 
 12.5000  -0.1135   3.9881   0.2067   4.4785  -0.0684   1.1010  -0.3332   0.3220   0.1070  -0.0021   0.2719  -0.0292   0.7924   3.2513 
 12.6000   0.1621   4.0854  -0.0041   4.2110  -0.1316   1.0274  -0.2138   0.3774   0.1057  -0.0036   0.2642  -0.0398   0.7916   3.2777 
 12.7000   0.1378   3.8908   0.1702   4.3042  -0.1506   1.0681  -0.3055   0.3419   0.1063  -0.0048   0.2561  -0.0504   0.7907   3.3033 
 12.8000   0.2067   4.7460  -0.0041   3.9800  -0.1255   0.6336  -0.2190   0.5306   0.1116   0.0069   0.2767  -0.0613   0.7882   3.3310 
 12.9000  -0.0122   4.2191   0.0284   4.1381  -0.1039   0.9417  -0.2138   0.4207   0.1047   0.0015   0.2708  -0.0715   0.7861   3.3581 
 13.0000  -0.0365   4.0489   0.1094   4.1381  -0.0840   1.0361  -0.2709   0.4051   0.1032   0.0007   0.2634  -0.0816   0.7838   3.3844 
 13.1000   0.1459   4.2232   0.0041   4.1989  -0.1489   0.9937  -0.1999   0.3263   0.1071  -0.0015   0.2686  -0.0920   0.7813   3.4113 
 13.2000   0.1094   3.9151   0.0648   4.3407  -0.1013   1.0629  -0.2294   0.2813   0.1054  -0.0059   0.2624  -0.1024   0.7791   3.4375 
 13.3000   0.1702   4.6609   0.1135   4.0975  -0.1368   0.7392  -0.2657   0.3843   0.1130   0.0063   0.2752  -0.1130   0.7752   3.4650 
 13.4000  -0.0122   4.1016   0.0162   3.9638  -0.1307   0.9547  -0.2086   0.4743   0.1009   0.0021   0.2617  -0.1225   0.7718   3.4912 
 13.5000  -0.0365   3.8706   0.2432   3.9759  -0.0952   1.1278  -0.3021   0.3973   0.1007   0.0022   0.2480  -0.1319   0.7681   3.5160 
 13.6000   0.0648   3.9030   0.0486   4.1502  -0.0926   1.0820  -0.2129   0.4172   0.1021  -0.0033   0.2578  -0.1415   0.7647   3.5418 
 13.7000   0.0608   4.2353  -0.0284   4.0773  -0.1143   0.9011  -0.1748   0.4423   0.1043   0.0009   0.2688  -0.1511   0.7606   3.5687 
 13.8000   0.1986   4.4623   0.2472   4.1989  -0.1549   0.8171  -0.3332   0.3644   0.1138   0.0039   0.2667  -0.1613   0.7555   3.5953 
 13.9000   0.1378   4.1381   0.0041   4.0489  -0.1428   0.9625  -0.2025   0.4111   0.1041  -0.0006   0.2612  -0.1706   0.7510   3.6215 
 14.0000   0.0041   3.9800   0.1743   4.1989  -0.1220   1.0595  -0.3099   0.2943   0.1045  -0.0006   0.2598  -0.1799   0.7462   3.6474 
 14.1000   0.0284   4.3083   0.0608   4.1745  -0.1255   0.8206  -0.2398   0.3653   0.1071   0.0021   0.2725  -0.1892   0.7408   3.6747 
 14.2000   0.1743   4.1705   0.0041   4.2475  -0.1402   0.9002  -0.2398   0.3480   0.1075  -0.0031   0.2675  -0.1986   0.7356   3.7014 
 14.3000   0.3648   4.2110   0.0284   4.0367  -0.2692   0.8889  -0.2380   0.4302   0.1080  -0.0020   0.2550  -0.2079   0.7301   3.7270 
 14.4000   0.0648   4.2232   0.0243   4.0732  -0.1368   0.8786  -0.2207   0.3947   0.1048   0.0014   0.2665  -0.2165   0.7242   3.7536 
 14.5000  -0.0365   3.9395   0.1621   4.3407  -0.1004   1.0395  -0.3107   0.2614   0.1051  -0.0025   0.2648  -0.2253   0.7183   3.7801 
 14.6000  -0.1094   4.2070   0.0770   4.0894  -0.0866   0.8284  -0.2536   0.4016   0.1033   0.0038   0.2704  -0.2334   0.7119   3.8071 
 14.7000   0.0243   4.1259  -0.0000   4.1097  -0.1013   0.8863  -0.2129   0.4120   0.1032  -0.0001   0.2666  -0.2415   0.7055   3.8338 
 14.8000   0.0284   4.3204   0.1864   4.0043  -0.0909   0.7357  -0.3116   0.4839   0.1067   0.0059   0.2633  -0.2493   0.6982   3.8601 
 14.9000   0.0527   4.1583  -0.0000   4.0611  -0.1446   0.8543  -0.2250   0.4276   0.1034   0.0006   0.2652  -0.2571   0.6914   3.8866 
 15.0000   0.0527   3.8422   0.2189   4.2718  -0.1255   1.0681  -0.3532   0.3220   0.1048  -0.0033   0.2546  -0.2650   0.6845   3.9121 
 15.1000   0.0973   4.1340   0.1986   4.0408  -0.1359   0.7833  -0.3410   0.5081   0.1059   0.0024   0.2558  -0.2724   0.6770   3.9377 
 15.2000   0.1378   4.1137   0.0162   3.8706  -0.0805   0.8777  -0.2579   0.5990   0.1017   0.0015   0.2542  -0.2794   0.6696   3.9631 
 15.3000   0.0608   4.3286   0.0770   3.9759  -0.0199   0.7202  -0.3332   0.5029   0.1055   0.0046   0.2652  -0.2863   0.6616   3.9896 
 15.4000  -0.0000   4.0975  -0.0041   4.0651  -0.0519   0.8491  -0.2484   0.4795   0.1020   0.0004   0.2652  -0.2930   0.6539   4.0161 
 15.5000  -0.0122   3.9516   0.2229   4.2799  -0.0277   0.9660  -0.3557   0.3817   0.1055  -0.0012   0.2604  -0.2999   0.6459   4.0422 
 15.6000   0.0608   4.0854  -0.0041   4.1826  -0.1307   0.8673  -0.2441   0.4259   0.1041  -0.0020   0.2666  -0.3065   0.6378   4.0688 
 15.7000   0.0122   4.2191  -0.0000   4.0773  -0.0935   0.7530  -0.2259   0.4709   0.1039   0.0016   0.2690  -0.3126   0.6294   4.0957 
 15.8000   0.1337   4.4137   0.1378   4.0043  -0.0684   0.6180  -0.3246   0.5436   0.1086   0.0052   0.2645  -0.3184   0.6203   4.1222 
 15.9000   0.0851   4.1948  -0.0041   4.2191  -0.0493   0.7366  -0.2311   0.4198   0.1062  -0.0014   0.2705  -0.3245   0.6115   4.1492 
 16.0000   0.0365   3.9638   0.1986   4.3407  -0.1056   0.8742  -0.3514   0.3255   0.1067  -0.0027   0.2620  -0.3304   0.6027   4.1754 
 16.1000   0.0770   4.1462   0.0162   4.2799  -0.0788   0.7349  -0.2424   0.4215   0.1065  -0.0024   0.2705  -0.3361   0.5936   4.2025 
 16.2000   0.2553   3.8462  -0.0162   4.0246  -0.1991   0.9063  -0.2173   0.5185   0.1014  -0.0056   0.2478  -0.3415   0.5851   4.2273 
 16.3000   0.1135   4.3164   0.0405   4.0408  -0.0822   0.6829  -0.2701   0.5211   0.1064   0.0025   0.2663  -0.3462   0.5755   4.2539 
 16.4000   0.0973   4.0489  -0.0122   4.1381  -0.1108   0.7920  -0.2190   0.4622   0.1034  -0.0025   0.2630  -0.3510   0.5664   4.2802 
 16.5000  -0.0000   3.9192   0.0973   4.1583  -0.0779   0.8768  -0.2917   0.5020   0.1022  -0.0018   0.2591  -0.3555   0.5572   4.3061 
 16.6000   0.0730   4.0611   0.0730   4.0286  -0.1394   0.7903  -0.2510   0.5695   0.1029   0.0004   0.2579  -0.3595   0.5477   4.3319 
 16.7000   0.0770   4.1259  -0.0284   4.0773  -0.1082   0.7349  -0.1844   0.5185   0.1031  -0.0007   0.2648  -0.3634   0.5381   4.3584 
 16.8000   0.2108   4.2718   0.1581   4.0529  -0.0918   0.6457  -0.2778   0.5141   0.1087   0.0021   0.2583  -0.3670   0.5279   4.3842 
 16.9000   0.0851   4.2434   0.0243   4.1340  -0.0918   0.6604  -0.2276   0.5012   0.1061   0.0006   0.2684  -0.3703   0.5178   4.4110 
 17.0000  -0.0486   3.9638   0.1216   4.0651  -0.1004   0.8240  -0.3004   0.5202   0.1013   0.0009   0.2583  -0.3733   0.5081   4.4369 
 17.1000   0.1256   4.2110   0.0405   4.1867  -0.0969   0.6068  -0.2276   0.4916   0.1070  -0.0008   0.2673  -0.3762   0.4978   4.4636 
 17.2000   0.0730   4.1097  -0.0162   4.1705  -0.0528   0.6899  -0.1982   0.4683   0.1042  -0.0019   0.2670  -0.3790   0.4878   4.4903 
 17.3000   0.2472   4.2070   0.1621   3.8462  -0.2025   0.5981  -0.2727   0.6561   0.1058   0.0034   0.2482  -0.3810   0.4774   4.5151 
 17.4000   0.0730   4.1583   0.0162   4.1745  -0.0892   0.6500  -0.1999   0.5020   0.1053  -0.0009   0.2677  -0.3831   0.4671   4.5419 
 17.5000  -0.0243   4.0529   0.0162   4.0165  -0.0658   0.7470  -0.1904   0.5609   0.1008   0.0010   0.2623  -0.3847   0.4571   4.5681 
 17.6000   0.1824   4.6204   0.0243   3.9922  -0.2034   0.4302  -0.2216   0.6163   0.1102   0.0059   0.2729  -0.3858   0.4461   4.5954 
 17.7000   0.1216   4.1016   0.0122   4.1583  -0.1497   0.6691  -0.1852   0.4925   0.1049  -0.0021   0.2638  -0.3872   0.4357   4.6218 
 17.8000   0.2108   4.3286   0.2715   4.0975  -0.1342   0.4787  -0.3324   0.6007   0.1114   0.0036   0.2579  -0.3878   0.4246   4.6476 
 17.9000   0.0608   4.1340   0.0041   4.0894  -0.1497   0.6120  -0.2043   0.5462   0.1036  -0.0002   0.2649  -0.3885   0.4143   4.6741 
 18.0000   0.1945   3.9516   0.0365   3.9273  -0.1593   0.7695  -0.2043   0.6405   0.1014  -0.0017   0.2483  -0.3891   0.4042   4.6989 
 18.1000   0.0486   4.5879   0.1581   3.9192  -0.0822   0.4276  -0.3029   0.6959   0.1089   0.0097   0.2695  -0.3882   0.3933   4.7258 
 18.2000   0.0162   4.1097  -0.0000   4.0124  -0.0692   0.6319  -0.2138   0.6327   0.1017   0.0010   0.2632  -0.3880   0.3831   4.7522 
 18.3000   0.1013   4.1989   0.2918   4.4137  -0.1662   0.5825  -0.3393   0.4276   0.1126  -0.0003   0.2669  -0.3876   0.3718   4.7788 
 18.4000   0.1378   4.0286  -0.0122   4.1097  -0.1783   0.6526  -0.2138   0.6007   0.1033  -0.0029   0.2602  -0.3872   0.3615   4.8049 
 18.5000   0.0041   4.0367   0.0162   4.0043  -0.0658   0.6751  -0.1965   0.7046   0.1008   0.0006   0.2604  -0.3862   0.3515   4.8309 
 18.6000   0.2432   4.0246   0.0770   4.1624  -0.2458   0.6604  -0.2389   0.6120   0.1063  -0.0038   0.2554  -0.3853   0.3409   4.8564 
 18.7000   0.1337   4.2110  -0.0041   4.2434  -0.1541   0.5566  -0.1870   0.5384   0.1073  -0.0021   0.2703  -0.3840   0.3302   4.8835 
 18.8000   0.3161   4.0611   0.3404   4.4258  -0.3350   0.6050  -0.3454   0.5384   0.1143  -0.0043   0.2542  -0.3825   0.3189   4.9089 
 18.9000   0.1743   4.1137  -0.1013   4.1016  -0.2017   0.5895  -0.1567   0.6414   0.1036  -0.0033   0.2644  -0.3808   0.3087   4.9353 
 19.0000   0.0730   4.0489   0.0162   4.1867  -0.2276   0.6457  -0.1800   0.5946   0.1041  -0.0024   0.2645  -0.3787   0.2985   4.9618 
 19.1000   0.2189   3.9516   0.0041   4.0773  -0.2571   0.6630  -0.1783   0.6769   0.1031  -0.0043   0.2534  -0.3766   0.2884   4.9871 
 19.2000   0.2553   3.9192  -0.0162   4.1218  -0.2969   0.6847  -0.1523   0.6414   0.1035  -0.0059   0.2533  -0.3743   0.2782   5.0125 
 19.3000   0.2432   4.1462   0.2189   4.4501  -0.3506   0.6215  -0.2796   0.5107   0.1132  -0.0041   0.2641  -0.3714   0.2673   5.0389 
 19.4000   0.1945   4.0611  -0.0365   4.1705  -0.3047   0.6587  -0.1428   0.6050   0.1049  -0.0043   0.2621  -0.3684   0.2572   5.0651 
 19.5000   0.1581   3.9314   0.0243   4.0408  -0.3696   0.7513  -0.1506   0.7063   0.1019  -0.0030   0.2529  -0.3652   0.2476   5.0904 
 19.6000   0.1256   4.0408  -0.0284   3.8462  -0.3973   0.5669  -0.1454   0.8595   0.0998   0.0005   0.2529  -0.3615   0.2383   5.1157 
 19.7000   0.0892   4.0367  -0.0243   4.1097  -0.3324   0.7228  -0.1177   0.6397   0.1026  -0.0023   0.2624  -0.3576   0.2288   5.1419 
 19.8000   0.0851   4.2961   0.0243   4.1745  -0.3514   0.6423  -0.1316   0.6466   0.1073   0.0008   0.2715  -0.3531   0.2191   5.1691 
 19.9000   0.1743   4.1867   0.0041   4.1867  -0.4120   0.6448  -0.1143   0.6215   0.1069  -0.0021   0.2661  -0.3486   0.2094   5.1957 
 20.0000   0.1013   3.9881  -0.0000   4.0732  -0.4302   0.7522  -0.0995   0.6829   0.1020  -0.0023   0.2584  -0.3440   0.2002   5.2215 
 20.1000   0.3161   4.6001   0.0486   3.8544  -0.5245   0.4492  -0.1350   0.7686   0.1102   0.0060   0.2627  -0.3381   0.1909   5.2478 
 20.2000   0.2351   4.0975   0.0162   4.1826  -0.5176   0.7279  -0.1091   0.6336   0.1066  -0.0038   0.2607  -0.3330   0.1815   5.2738 
 20.3000   0.2553   3.6720  -0.0041   4.0003  -0.5505   0.9859  -0.0900   0.7219   0.0990  -0.0073   0.2409  -0.3284   0.1727   5.2979 
 20.4000   0.3080   3.8300  -0.0973   4.0732  -0.6258   0.9513  -0.0493   0.6881   0.1014  -0.0081   0.2498  -0.3235   0.1638   5.3229 
 20.5000   0.2553   3.9273  -0.0892   4.2070  -0.6258   0.9279  -0.0390   0.6102   0.1038  -0.0078   0.2587  -0.3181   0.1549   5.3488 
 20.6000   0.0730   4.0529   0.1500   4.0732  -0.6232   0.9054  -0.1151   0.6751   0.1044   0.0007   0.2566  -0.3119   0.1465   5.3744 
 20.7000   0.1013   4.0529  -0.0486   4.2718  -0.5972   0.9011  -0.0268   0.6111   0.1047  -0.0046   0.2686  -0.3058   0.1380   5.4013 
 20.8000  -0.0041   3.9759   0.0608   4.0003  -0.5306   0.9391  -0.0381   0.7245   0.1004   0.0005   0.2571  -0.2994   0.1303   5.4270 
 20.9000  -0.0486   3.9881   0.0365   3.8787  -0.5280   0.8959  -0.0701   0.8266   0.0982   0.0024   0.2558  -0.2928   0.1230   5.4526 
 21.0000   0.0122   4.0651   0.0243   4.2678  -0.5384   0.9184  -0.0407   0.6163   0.1046  -0.0024   0.2694  -0.2859   0.1151   5.4795 
 21.1000   0.0041   3.7692   0.3769   4.4258  -0.5289   1.0776  -0.1757   0.5895   0.1072  -0.0035   0.2537  -0.2787   0.1072   5.5049 
 21.2000   0.0122   4.2678  -0.0162   4.3164  -0.5289   0.8552  -0.0251   0.6232   0.1073  -0.0010   0.2788  -0.2711   0.0996   5.5328 
 21.3000  -0.0770   4.0529   0.0608   3.8544  -0.4804   0.9279  -0.0286   0.8552   0.0986   0.0042   0.2573  -0.2636   0.0932   5.5585 
 21.4000   0.0527   4.1137   0.0365   4.0611  -0.5280   0.9184  -0.0216   0.7435   0.1033   0.0005   0.2625  -0.2559   0.0863   5.5848 
 21.5000   0.0486   4.0529  -0.0041   4.2232  -0.5574   0.9383  -0.0147   0.6587   0.1040  -0.0028   0.2673  -0.2481   0.0794   5.6115 
 21.6000   0.1378   3.9638   0.3202   4.4988  -0.6172   1.0006  -0.0892   0.4882   0.1115  -0.0044   0.2599  -0.2396   0.0722   5.6375 
 21.7000   0.0648   4.2191  -0.0000   4.4785  -0.5297   0.8664  -0.0035   0.5332   0.1095  -0.0041   0.2803  -0.2311   0.0652   5.6655 
 21.8000  -0.0162   4.1583   0.1459   4.1381  -0.4934   0.9123  -0.0078   0.6821   0.1053   0.0023   0.2652  -0.2224   0.0593   5.6920 
 21.9000   0.1500   4.6974   0.1621   3.7976  -0.5808   0.6362  -0.0874   0.8413   0.1101   0.0114   0.2657  -0.2126   0.0541   5.7186 
 22.0000   0.0365   4.1826   0.0243   4.3204  -0.5289   0.8370  -0.0251   0.5713   0.1070  -0.0019   0.2741  -0.2037   0.0483   5.7460 
 22.1000   0.0405   3.8908   0.3080   4.4177  -0.5566   0.9945  -0.1203   0.5237   0.1082  -0.0032   0.2584  -0.1946   0.0424   5.7718 
 22.2000   0.2229   4.0124   0.0162   4.2678  -0.5964   0.9132  -0.0381   0.5618   0.1065  -0.0058   0.2611  -0.1856   0.0367   5.7979 
 22.3000   0.0648   3.9070   0.0851   4.0165  -0.5505   1.0162  -0.0364   0.7262   0.1009  -0.0011   0.2524  -0.1767   0.0319   5.8232 
 22.4000   0.2229   4.7946   0.2310   3.8057  -0.5998   0.5098  -0.1558   0.8128   0.1132   0.0125   0.2645  -0.1660   0.0280   5.8496 
 22.5000   0.0041   4.1137   0.0608   4.1705  -0.4735   0.9331  -0.0537   0.6275   0.1044   0.0000   0.2669  -0.1565   0.0236   5.8763 
 22.6000  -0.0000   3.8219   0.3404   4.6123  -0.4683   1.1209  -0.1861   0.3523   0.1097  -0.0056   0.2628  -0.1467   0.0188   5.9026 
 22.7000   0.0892   4.0367   0.0365   4.1583  -0.5254   0.9365  -0.0935   0.5817   0.1040  -0.0022   0.2620  -0.1371   0.0147   5.9288 
 22.8000  -0.0041   4.1502   0.0122   4.2353  -0.4769   0.9019  -0.0779   0.5730   0.1049  -0.0009   0.2720  -0.1273   0.0110   5.9560 
 22.9000  -0.0000   4.4664   0.2837   4.1705  -0.4735   0.6933  -0.2034   0.5886   0.1115   0.0072   0.2712  -0.1165   0.0081   5.9831 
 23.0000  -0.0000   4.0529   0.0527   4.1097  -0.4761   0.9487  -0.1290   0.5791   0.1027  -0.0001   0.2633  -0.1067   0.0050   6.0094 
 23.1000   0.0365   3.7692   0.3080   4.6123  -0.4856   1.1270  -0.2121   0.2891   0.1091  -0.0071   0.2609  -0.0964   0.0014   6.0355 
 23.2000   0.2594   3.8584   0.0243   4.4501  -0.5358   1.0499  -0.1272   0.3956   0.1074  -0.0103   0.2605  -0.0862  -0.0022   6.0616 
 23.3000   0.0770   4.0246   0.0527   4.0286  -0.5427   0.9668  -0.1454   0.6111   0.1023  -0.0004   0.2573  -0.0762  -0.0045   6.0873 
 23.4000   0.1135   4.3083   0.3040   3.8908  -0.5141   0.7626  -0.2908   0.6890   0.1077   0.0076   0.2527  -0.0655  -0.0059   6.1126 
 23.5000   0.0405   4.1016  -0.0000   4.2799  -0.4588   0.9764  -0.1428   0.4683   0.1053  -0.0027   0.2708  -0.0552  -0.0079   6.1397 
 23.6000   0.0527   3.8422   0.0770   4.3042  -0.4466   1.1027  -0.1826   0.4354   0.1035  -0.0055   0.2603  -0.0450  -0.0099   6.1657 
 23.7000  -0.0243   4.1259   0.0405   4.0975  -0.4085   0.9686  -0.1593   0.4994   0.1030   0.0012   0.2665  -0.0348  -0.0110   6.1923 
 23.8000   0.0486   4.1340  -0.0041   4.1462  -0.4311   0.9634  -0.1376   0.4934   0.1041  -0.0008   0.2674  -0.0244  -0.0121   6.2191 
 23.9000   0.1621   4.0246   0.2351   4.0773  -0.4951   0.9435  -0.2770   0.5202   0.1062   0.0003   0.2502  -0.0138  -0.0127   6.2441 
 24.0000   0.1216   3.9395   0.0162   4.1502  -0.5505   1.0967  -0.1549   0.4899   0.1028  -0.0040   0.2582  -0.0036  -0.0135   6.2699 
 24.1000   0.0243   3.6477   0.2432   4.3650  -0.4111   1.2819  -0.2666   0.3436   0.1035  -0.0062   0.2515   0.0068  -0.0143   6.2951 
 24.2000  -0.0162   4.6366   0.0648   3.9314  -0.4181   0.8630  -0.1939   0.5929   0.1077   0.0098   0.2766   0.0175  -0.0132   6.3227 
 24.3000  -0.0486   4.1745   0.0527   3.8706  -0.3783   1.0101  -0.1835   0.6864   0.1006   0.0051   0.2611   0.0276  -0.0123   6.3488 
 24.4000   0.0041   3.9922   0.1864   4.1624  -0.3878   1.1391  -0.2753   0.4787   0.1043   0.0002   0.2586   0.0380  -0.0116   6.3747 
 24.5000   0.0608   4.0975  -0.0041   4.2840  -0.4155   1.0759  -0.1549   0.4449   0.1055  -0.0031   0.2703   0.0485  -0.0109   6.4017 
 24.6000  -0.0608   4.1218   0.2310   4.3204  -0.3116   1.0716  -0.2900   0.3886   0.1077   0.0012   0.2686   0.0592  -0.0095   6.4286 
 24.7000  -0.0162   4.2840  -0.0284   4.1502  -0.3306   0.9668  -0.1541   0.4414   0.1049   0.0015   0.2753   0.0695  -0.0078   6.4561 
 24.8000   0.0486   4.2110   0.0284   4.1340  -0.3523   0.9764  -0.1740   0.4856   0.1053   0.0007   0.2684   0.0799  -0.0060   6.4829 
 24.9000   0.2472   4.3772   0.1459   3.7206  -0.5245   0.9582  -0.2597   0.6951   0.1061   0.0069   0.2502   0.0902  -0.0032   6.5080 
 25.0000   0.0730   4.0408  -0.0284   4.0773  -0.3757   1.1278  -0.1480   0.5358   0.1020  -0.0017   0.2621   0.1001  -0.0011   6.5342 
 25.1000  -0.0243   4.0367   0.1013   4.2475  -0.3255   1.0785  -0.2302   0.4743   0.1045  -0.0011   0.2665   0.1103   0.0014   6.5608 
