  0.1000  -0.0000   0.0000   0.0162   0.0000   0.5349  -0.2476   0.0026   0.3107   0.0002   0.0002  -0.0005   0.0000   0.0000  -0.0001 
  0.2000  -3.4693   3.6152  -4.1583   4.4988  -1.3910   1.4654  -1.4628   1.7052   0.0061  -0.0197   0.5111   0.0006  -0.0019   0.0511 
  0.3000  -1.8968   1.5807  -2.1805   1.7671  -0.8664   1.0170  -0.1922   0.5721  -0.0091  -0.0059   0.2411  -0.0003  -0.0026   0.0752 
  0.4000  -3.7814   4.2840  -3.6477   4.1624  -1.0378   1.2239  -0.4639   0.8041   0.0127   0.0032   0.5154   0.0010  -0.0022   0.1267 
  0.5000  -2.6668   1.7306  -1.2888   1.4591  -0.2458   0.6812  -0.5358   0.3151  -0.0096   0.0206   0.2320  -0.0002  -0.0002   0.1499 
  0.6000  -2.8249   3.2586  -3.5180   3.1248  -0.8820   0.9937  -0.6803   1.3702   0.0005  -0.0070   0.4132  -0.0001  -0.0009   0.1912 
  0.7000  -2.4196   2.6182  -1.7630   1.8725  -0.5427   0.6172  -0.4873   0.7314   0.0039   0.0175   0.2816  -0.0000   0.0009   0.2194 
  0.8000  -2.9181   3.2221  -3.2829   3.2140  -0.4631   0.2631  -0.7202   0.8379   0.0029  -0.0045   0.4103   0.0004   0.0005   0.2604 
  0.9000  -1.6455   1.2686  -1.5077   1.7792  -0.5453   0.6552  -0.7132   0.4960  -0.0013  -0.0047   0.2013   0.0004   0.0000   0.2805 
  1.0000  -2.5898   2.3345  -3.1046   3.1654  -1.2949   1.3399  -0.9097   0.8612  -0.0024  -0.0168   0.3634   0.0006  -0.0017   0.3169 
  1.1000  -2.4926   3.0640  -1.6333   1.4631  -0.9357   0.6007  -0.6197   0.8249   0.0050   0.0308   0.2809   0.0001   0.0014   0.3450 
  1.2000  -3.0032   2.8695  -3.1613   2.7965  -0.3713   0.1870  -1.1287   1.1252  -0.0062  -0.0011   0.3841  -0.0004   0.0011   0.3834 
  1.3000  -1.7752   1.9333  -2.0954   2.5696  -0.4518   0.4111  -0.6864   0.5072   0.0079  -0.0120   0.2719   0.0007   0.0003   0.4106 
  1.4000  -2.1278   1.5969  -2.8330   2.5209  -1.2733   1.1183  -0.7608   0.5730  -0.0105  -0.0204   0.2948   0.0006  -0.0020   0.4401 
  1.5000  -2.8938   3.0640  -2.2129   1.8238  -1.0119   0.9565  -0.5133   0.9166  -0.0027   0.0240   0.3245  -0.0007   0.0001   0.4725 
  1.6000  -2.7357   2.7641  -2.7357   2.5655  -0.2943   0.2813  -0.7141   0.9893  -0.0018   0.0025   0.3507  -0.0010   0.0002   0.5076 
  1.7000  -2.3345   2.1035  -2.3588   2.4358  -0.2856   0.5367  -0.4873   0.6890  -0.0019  -0.0045   0.2998  -0.0009  -0.0003   0.5376 
  1.8000  -2.0184   2.0913  -2.3629   2.4804  -0.6786   0.9175  -0.5237   0.7747   0.0024  -0.0092   0.2907  -0.0002  -0.0010   0.5666 
  1.9000  -2.3831   2.6871  -2.3588   2.4115  -0.8318   0.8162  -0.5029   0.7375   0.0045   0.0037   0.3195  -0.0001  -0.0004   0.5986 
  2.0000  -2.5453   2.5088  -2.2170   2.2170  -0.5860   0.5531  -0.7098   0.8335  -0.0005   0.0078   0.3081  -0.0005   0.0002   0.6294 
  2.1000  -2.4196   2.6668  -2.5412   2.7276  -0.5159   0.3990  -0.6829   0.7807   0.0054  -0.0023   0.3362   0.0000   0.0003   0.6630 
  2.2000  -2.3467   1.8117  -2.3223   2.3223  -0.5695   0.6622  -0.6483   0.5817  -0.0067  -0.0061   0.2858  -0.0001  -0.0005   0.6916 
  2.3000  -2.2413   3.0194  -2.8127   2.4237  -0.8664   0.5739  -0.3445   0.8855   0.0049   0.0003   0.3408   0.0002  -0.0002   0.7257 
  2.4000  -2.1197   1.8968  -2.2413   1.8360  -0.7851   0.7011  -0.5522   0.8110  -0.0079  -0.0008   0.2628  -0.0003  -0.0008   0.7519 
  2.5000  -2.7033   3.0924  -2.6993   2.8695  -0.7366   0.8223  -0.5514   0.8907   0.0070   0.0028   0.3690   0.0000  -0.0001   0.7888 
  2.6000  -2.3386   2.0062  -2.0224   2.2615  -0.5150   0.4432  -0.6007   0.4986  -0.0012   0.0008   0.2802  -0.0001  -0.0001   0.8169 
  2.7000  -2.6425   2.3953  -2.4723   2.4358  -0.7600   0.9037  -0.7167   0.8898  -0.0035   0.0016   0.3229  -0.0005  -0.0003   0.8491 
  2.8000  -1.9130   2.9181  -2.4682   2.3953  -0.8673   0.4830  -0.5765   0.8387   0.0117  -0.0004   0.3148   0.0003   0.0006   0.8806 
  2.9000  -2.7965   2.6020  -2.5898   2.3386  -0.7141   0.3679  -0.7305   0.6059  -0.0056   0.0059   0.3353  -0.0005   0.0005   0.9142 
  3.0000  -2.2859   2.3264  -2.4480   2.4115  -0.4700   0.3471  -0.5946   0.6925   0.0001  -0.0031   0.3075  -0.0002   0.0003   0.9449 
  3.1000  -2.4237   1.9333  -2.5777   2.6385  -0.6293   0.7401  -0.5297   0.5020  -0.0054  -0.0107   0.3108   0.0003  -0.0007   0.9760 
  3.2000  -1.8157   2.2251  -2.2494   2.1197  -1.1140   0.9374  -0.4570   0.6769   0.0035  -0.0041   0.2730   0.0009  -0.0007   1.0033 
  3.3000  -2.9222   3.0194  -2.5453   2.4561  -0.9668   0.7444  -0.6327   0.6864   0.0001   0.0118   0.3553  -0.0001  -0.0000   1.0388 
  3.4000  -2.3386   2.3953  -2.4926   2.4075  -0.5695   0.3774  -0.4665   0.5808  -0.0004  -0.0021   0.3128   0.0000  -0.0002   1.0701 
  3.5000  -2.7641   2.2413  -2.0467   2.4480  -0.5747   0.7158  -0.6674   0.5505  -0.0015   0.0064   0.3084  -0.0006   0.0000   1.1009 
  3.6000  -2.0427   2.1926  -2.3629   2.3264  -0.8483   0.6847  -0.6812   0.8284   0.0014  -0.0057   0.2898  -0.0000  -0.0001   1.1299 
  3.7000  -2.4439   2.5169  -2.6020   2.4601  -1.0439   0.7643  -0.6154   0.7158  -0.0009  -0.0013   0.3254   0.0000  -0.0003   1.1625 
  3.8000  -2.5655   2.5655  -2.5655   2.4845  -0.7773   0.5972  -0.4960   0.5782  -0.0010   0.0010   0.3306  -0.0001  -0.0003   1.1955 
  3.9000  -2.8209   2.3507  -2.1805   2.3223  -0.4700   0.5834  -0.6007   0.6172  -0.0041   0.0084   0.3141  -0.0010  -0.0004   1.2269 
  4.0000  -1.8725   1.9333  -2.4845   2.4966  -0.8197   0.8474  -0.6293   0.8232   0.0009  -0.0147   0.2853   0.0004  -0.0008   1.2555 
  4.1000  -2.3142   2.5412  -2.3345   2.5777  -1.2880   1.0404  -0.5644   0.6085   0.0059  -0.0007   0.3171   0.0006  -0.0003   1.2872 
  4.2000  -2.8816   2.8330  -2.5898   2.4358  -0.8959   0.5756  -0.5358   0.5540  -0.0025   0.0086   0.3487  -0.0003  -0.0003   1.3220 
  4.3000  -2.7763   2.4682  -2.2778   2.3588  -0.3783   0.3869  -0.4743   0.5773  -0.0028   0.0076   0.3208  -0.0011  -0.0004   1.3541 
  4.4000  -2.1156   1.9697  -2.4682   2.4682  -0.6423   0.6509  -0.5427   0.6933  -0.0018  -0.0106   0.2929  -0.0001  -0.0008   1.3834 
  4.5000  -1.7914   2.6749  -2.0062   2.2170  -1.2568   0.7089  -0.5393   0.7678   0.0137   0.0030   0.2821  -0.0001   0.0006   1.4116 
  4.6000  -2.9303   2.7884  -2.9424   2.4966  -1.0084   0.3722  -0.7833   0.6301  -0.0073   0.0035   0.3623  -0.0006  -0.0000   1.4479 
  4.7000  -2.5047   2.2413  -2.2413   2.1197  -0.4553   0.3566  -0.4977   0.6829  -0.0048   0.0048   0.2957  -0.0011  -0.0004   1.4774 
  4.8000  -2.2413   1.9981  -2.3386   2.6263  -0.7305   0.7314  -0.7582   0.8180   0.0006  -0.0091   0.2988  -0.0002  -0.0005   1.5073 
  4.9000  -1.9495   2.5453  -2.2656   2.5209  -1.2594   0.7002  -0.6717   0.7150   0.0106  -0.0036   0.3013   0.0002   0.0006   1.5374 
  5.0000  -3.0073   2.6263  -2.7641   2.6790  -0.9867   0.4899  -0.6994   0.4752  -0.0058   0.0024   0.3596  -0.0000  -0.0000   1.5734 
  5.1000  -2.4075   2.1926  -2.2615   2.0589  -0.6751   0.4397  -0.4423   0.6907  -0.0052   0.0035   0.2896  -0.0004  -0.0005   1.6024 
  5.2000  -2.7520   2.3345  -2.4966   2.8614  -0.6154   0.6942  -0.5773   0.6639  -0.0007  -0.0034   0.3391  -0.0000  -0.0006   1.6363 
  5.3000  -1.8238   2.3386  -2.0589   1.9738  -1.0196   0.5332  -0.4873   0.7955   0.0054   0.0016   0.2661  -0.0002  -0.0001   1.6629 
  5.4000  -2.7884   2.8452  -2.6142   2.6304  -1.0395   0.4986  -0.8266   0.7903   0.0009   0.0049   0.3532  -0.0007  -0.0000   1.6982 
  5.5000  -2.3588   2.3588  -2.3872   2.4480  -0.6786   0.2320  -0.6033   0.5713   0.0008  -0.0015   0.3102  -0.0006   0.0001   1.7292 
  5.6000  -2.5088   2.3629  -2.4845   2.5574  -0.7816   0.3757  -0.6552   0.5548  -0.0009  -0.0021   0.3219  -0.0004   0.0000   1.7614 
  5.7000  -1.5482   1.9495  -2.4723   2.0670  -1.2992   0.6024  -0.5375   0.7340  -0.0001  -0.0130   0.2609   0.0009   0.0003   1.7875 
  5.8000  -2.5088   3.0924  -2.3750   2.5209  -1.6593   0.6622  -0.8318   0.6457   0.0091   0.0088   0.3408  -0.0001   0.0010   1.8216 
  5.9000  -3.0397   2.6304  -2.7965   2.0711  -0.8656   0.0892  -0.7115   0.5998  -0.0142   0.0100   0.3421  -0.0008  -0.0007   1.8558 
  6.0000  -1.6414   2.4601  -2.5655   2.4804  -0.7981   0.2129  -0.4380   0.7530   0.0092  -0.0118   0.2970   0.0001   0.0006   1.8855 
  6.1000  -1.5199   1.2159  -2.7722   2.0954  -1.9744   1.2213  -0.5003   0.4899  -0.0123  -0.0266   0.2469   0.0030   0.0002   1.9102 
  6.2000  -3.4166   3.2748  -2.5453   2.8249  -1.6385   1.4637  -0.2753   0.4665   0.0017   0.0165   0.3916   0.0014  -0.0002   1.9493 
  6.3000  -2.6425   3.2383  -1.8725   1.6414  -0.8327   0.0978  -0.4553   0.7453   0.0046   0.0296   0.3050  -0.0015  -0.0008   1.9798 
  6.4000  -2.6871   2.4682  -3.0640   2.8938  -0.6284   0.1549  -0.6630   0.7730  -0.0049  -0.0100   0.3608  -0.0004  -0.0009   2.0159 
  6.5000  -2.2534   2.0548  -1.8481   2.2170  -0.7063   0.5219  -0.3696   0.4414   0.0021   0.0030   0.2719  -0.0007  -0.0008   2.0431 
  6.6000  -1.8481   2.3223  -2.4480   2.0711  -1.3304   0.5791  -0.7193   1.0932   0.0012  -0.0044   0.2821  -0.0004  -0.0005   2.0713 
  6.7000  -2.7114   2.7641  -2.7398   2.8857  -1.1062   0.5678  -0.6189   0.7089   0.0025  -0.0019   0.3604  -0.0004  -0.0002   2.1074 
  6.8000  -2.6142   2.4601  -2.3102   2.2615  -0.7106   0.1965  -0.4215   0.5410  -0.0025   0.0063   0.3132  -0.0008  -0.0008   2.1387 
  6.9000  -2.6628   2.2656  -2.5088   2.6304  -0.5280   0.3324  -0.5072   0.6743  -0.0034  -0.0026   0.3269  -0.0004  -0.0009   2.1714 
  7.0000  -1.5725   2.1562  -2.1440   2.2129  -1.0058   0.4605  -0.4328   0.7652   0.0082  -0.0079   0.2625  -0.0002   0.0002   2.1976 
  7.1000  -2.5412   2.8087  -2.8127   2.2899  -1.3209   0.4588  -0.5522   0.8673  -0.0032   0.0031   0.3394  -0.0002  -0.0002   2.2316 
  7.2000  -2.4926   2.4561  -2.0711   2.2008  -0.7401   0.3627  -0.6197   0.8422   0.0012   0.0085   0.2994  -0.0010  -0.0007   2.2615 
  7.3000  -2.6263   2.4723  -2.8249   2.8371  -0.7305   0.2718  -0.6241   0.7608  -0.0018  -0.0070   0.3494  -0.0003  -0.0003   2.2964 
  7.4000  -2.0062   1.9819  -2.1562   2.1562  -0.9011   0.4977  -0.4319   0.6197  -0.0003  -0.0041   0.2695  -0.0000  -0.0001   2.3234 
  7.5000  -2.1440   2.7398  -2.6425   2.2980  -1.3719   0.5704  -0.5739   0.9833   0.0031  -0.0007   0.3190  -0.0002   0.0002   2.3553 
  7.6000  -2.5655   2.3629  -2.4480   2.6668  -1.0543   0.5393  -0.5929   0.5730   0.0002  -0.0023   0.3261  -0.0000   0.0004   2.3879 
  7.7000  -2.3021   2.4196  -2.0954   2.2737  -1.1919   0.5444  -0.6552   0.6674   0.0037   0.0044   0.2952  -0.0006   0.0003   2.4174 
  7.8000  -2.7276   2.2494  -2.8452   2.8857  -1.1408   0.6648  -0.5955   0.5193  -0.0055  -0.0094   0.3477   0.0004   0.0006   2.4522 
  7.9000  -2.7641   2.3386  -2.5209   1.8036  -0.9011   0.6942  -0.0918   0.7063  -0.0143   0.0097   0.3061   0.0009  -0.0010   2.4828 
  8.0000  -1.3861   2.6263  -1.8846   2.6993  -1.3685   0.7184  -0.5860   0.8950   0.0257  -0.0071   0.2791  -0.0007   0.0011   2.5107 
  8.1000  -3.4207   2.7965  -2.9465   2.4845  -1.3520   0.4189  -0.6760   0.3982  -0.0136   0.0098   0.3782  -0.0002  -0.0005   2.5485 
  8.2000  -2.1156   2.2170  -1.9211   2.2980  -0.7106   0.3791  -0.4475   0.5843   0.0060   0.0014   0.2777  -0.0007  -0.0003   2.5763 
  8.3000  -2.9668   1.9981  -2.6425   2.3507  -0.9919   0.7807  -0.7158   0.7470  -0.0158  -0.0004   0.3233   0.0006  -0.0011   2.6086 
  8.4000  -1.9616   2.6547  -1.9495   2.7236  -0.9980   0.6301  -0.4994   0.7565   0.0183  -0.0007   0.3016  -0.0009  -0.0001   2.6388 
  8.5000  -2.5939   2.3264  -2.6425   2.2980  -1.2611   0.3809  -0.7626   0.5964  -0.0076  -0.0003   0.3202  -0.0002  -0.0004   2.6708 
  8.6000  -2.5696   2.5939  -2.3021   2.7398  -0.8699   0.4553  -0.5998   0.5626   0.0058   0.0015   0.3313  -0.0008  -0.0003   2.7039 
  8.7000  -2.7763   1.9576  -2.4115   2.3467  -0.7461   0.4406  -0.6397   0.4865  -0.0110  -0.0003   0.3082   0.0002  -0.0007   2.7347 
  8.8000  -1.8400   2.1035  -2.8492   2.4561  -1.1330   0.7851  -0.1766   0.7522  -0.0016  -0.0170   0.3003   0.0010   0.0008   2.7648 
  8.9000  -2.3710   2.9222  -2.0548   1.8238  -1.3235   0.6665  -0.3869   0.7556   0.0040   0.0177   0.2978  -0.0000  -0.0007   2.7945 
  9.0000  -2.7641   2.8371  -2.6182   2.8614  -0.7963   0.2692  -0.7176   0.6985   0.0040   0.0015   0.3598  -0.0004  -0.0008   2.8305 
  9.1000  -1.9941   1.8968  -2.2291   2.4966  -0.9668   0.3860  -0.4986   0.3177   0.0021  -0.0104   0.2798  -0.0003   0.0003   2.8585 
  9.2000  -2.2008   1.9738  -2.6912   2.2372  -1.5165   1.0421  -0.4172   0.5929  -0.0085  -0.0094   0.2955   0.0008   0.0010   2.8880 
  9.3000  -2.3953   2.4682  -2.1197   2.5169  -1.4836   1.2854  -0.4890   0.5315   0.0059   0.0028   0.3084   0.0001   0.0008   2.9189 
  9.4000  -3.1856   3.1046  -2.5209   2.3831  -1.0768   0.4665  -0.5644   0.5470  -0.0027   0.0173   0.3634   0.0000  -0.0009   2.9552 
  9.5000  -2.2413   2.0467  -2.3467   2.5088  -0.7202   0.4354  -0.4951   0.4942  -0.0004  -0.0071   0.2969   0.0002  -0.0002   2.9849 
  9.6000  -2.6790   2.6506  -2.4075   2.5290  -1.0023   0.6492  -0.4337   0.4648   0.0012   0.0049   0.3333  -0.0000  -0.0007   3.0182 
  9.7000  -1.9130   2.2980  -1.9089   2.1156  -1.0949   0.4042  -0.7089   0.6284   0.0074   0.0023   0.2674  -0.0008  -0.0008   3.0450 
  9.8000  -2.7844   2.8614  -2.6912   2.7155  -1.1486   0.3237  -0.8725   0.5946   0.0013   0.0030   0.3588  -0.0009  -0.0011   3.0809 
  9.9000  -2.5088   2.3102  -2.3102   2.2291  -0.7236   0.0589  -0.6656   0.4510  -0.0035   0.0035   0.3038  -0.0006  -0.0015   3.1113 
 10.0000  -2.5047   1.6333  -2.3872   2.5898  -0.7106   0.6024  -0.7989   0.5929  -0.0084  -0.0105   0.2959   0.0003  -0.0005   3.1409 
 10.1000  -1.9333   2.2494  -2.5817   2.6425  -1.2862   0.8422  -0.4605   0.6085   0.0047  -0.0130   0.3054  -0.0002   0.0008   3.1714 
 10.2000  -2.8371   2.6182  -2.4682   2.1805  -1.1763   0.6985  -0.4510   0.5444  -0.0063   0.0101   0.3281   0.0005  -0.0001   3.2042 
 10.3000  -2.4682   2.4601  -2.2656   2.4966  -0.7600   0.5496  -0.5332   0.7228   0.0028   0.0021   0.3146   0.0002  -0.0004   3.2357 
 10.4000  -2.4075   2.1926  -2.4723   2.3993  -0.9140   0.6968  -0.5479   0.6933  -0.0036  -0.0034   0.3075   0.0005   0.0000   3.2664 
 10.5000  -1.9211   2.6385  -2.3710   2.2615  -1.2810   0.7167  -0.4406   0.8621   0.0076  -0.0009   0.2984  -0.0002   0.0000   3.2963 
 10.6000  -2.7276   3.1856  -2.5290   2.6142  -1.1149   0.3358  -0.6613   0.5756   0.0068   0.0096   0.3590  -0.0008  -0.0011   3.3322 
 10.7000  -2.2899   1.8522  -2.6668   2.2899  -0.8474   0.3168  -0.4934   0.4813  -0.0102  -0.0102   0.2954   0.0000   0.0001   3.3617 
 10.8000  -2.6749   2.6182  -2.5088   2.8938  -0.9063   0.7496  -0.2813   0.3557   0.0041  -0.0014   0.3473  -0.0004   0.0002   3.3964 
 10.9000  -2.2494   1.8400  -1.9859   1.8238  -0.9772   0.6284  -0.3722   0.4968  -0.0071   0.0035   0.2565   0.0004   0.0000   3.4221 
 11.0000  -2.2372   2.8087  -2.3831   2.8452  -1.2551   0.8093  -0.6353   0.7262   0.0129  -0.0023   0.3336  -0.0009  -0.0001   3.4554 
 11.1000  -2.7155   2.3750  -2.6020   2.1805  -1.0672   0.4527  -0.4328   0.4025  -0.0095   0.0039   0.3206   0.0001  -0.0002   3.4875 
 11.2000  -2.5696   2.5412  -2.2534   2.6628  -0.7669   0.5505  -0.4008   0.5124   0.0048   0.0024   0.3256  -0.0003  -0.0006   3.5200 
 11.3000  -2.4845   1.7022  -2.2778   2.2859  -0.8760   0.7522  -0.5695   0.5046  -0.0097  -0.0047   0.2841   0.0005   0.0002   3.5484 
 11.4000  -1.8279   2.2048  -2.6790   2.5209  -1.4282   1.2456  -0.1420   0.7202   0.0027  -0.0146   0.2998  -0.0004   0.0014   3.5784 
 11.5000  -2.6506   3.1654  -2.2899   2.2899  -1.4516   0.9201  -0.3289   0.5418   0.0064   0.0155   0.3375  -0.0003  -0.0002   3.6122 
 11.6000  -2.6385   2.1400  -2.7398   2.3710  -0.9331   0.7591  -0.3609   0.5592  -0.0108  -0.0042   0.3211   0.0005   0.0006   3.6443 
 11.7000  -2.2737   2.5169  -2.3345   2.4926  -1.0698   1.0932  -0.0649   0.6336   0.0050  -0.0005   0.3123   0.0000   0.0004   3.6755 
 11.8000  -2.2170   2.1683  -2.4196   2.2534  -1.3183   1.1573  -0.2683   0.6206  -0.0027  -0.0036   0.2941   0.0001   0.0009   3.7049 
 11.9000  -2.5655   3.6720  -2.1278   2.7601  -1.2430   0.6466  -0.3869   0.5929   0.0217   0.0169   0.3612  -0.0009  -0.0017   3.7410 
 12.0000  -2.7398   1.9373  -2.4845   1.6333  -0.7695   0.2649  -0.6457   0.5955  -0.0207   0.0070   0.2855   0.0012  -0.0011   3.7696 
 12.1000  -2.4845   2.6060  -2.9343   3.1046  -0.6024   0.7626  -0.2034   0.7911   0.0036  -0.0119   0.3613   0.0002  -0.0004   3.8057 
 12.2000  -1.9738   1.7630  -1.8238   1.8887  -0.8708   0.8206  -0.2484   0.4813  -0.0018   0.0003   0.2419   0.0004  -0.0003   3.8299 
 12.3000  -2.3831   2.9343  -2.4804   2.8735  -1.1555   0.8162  -0.5782   0.8197   0.0118  -0.0005   0.3465  -0.0005  -0.0010   3.8646 
 12.4000  -2.7276   1.9941  -2.6142   2.0954  -0.7920   0.6033  -0.3878   0.5773  -0.0157   0.0002   0.3062   0.0007   0.0000   3.8952 
 12.5000  -2.4966   2.8614  -2.3223   2.6871  -0.5626   0.6500  -0.2692   0.8249   0.0091   0.0044   0.3366   0.0003  -0.0009   3.9288 
 12.6000  -2.1683   1.8603  -2.4115   2.0954  -0.7072   0.6189  -0.4146   0.7037  -0.0078  -0.0060   0.2771   0.0004   0.0001   3.9566 
 12.7000  -2.1035   2.9789  -2.1683   2.4966  -1.0205   0.7202  -0.5358   1.0032   0.0150   0.0052   0.3165  -0.0002  -0.0014   3.9882 
 12.8000  -2.5209   2.2859  -2.8979   2.8695  -1.0075   0.4328  -0.5592   0.4224  -0.0033  -0.0120   0.3433  -0.0009  -0.0003   4.0225 
 12.9000  -2.5412   2.2048  -2.1156   1.9859  -0.8154   0.6847  -0.2874   0.5626  -0.0058   0.0081   0.2873   0.0001  -0.0004   4.0513 
 13.0000  -2.6506   2.2048  -2.4966   2.6385  -0.7028   0.8621  -0.5107   0.8275  -0.0038  -0.0035   0.3244   0.0000   0.0001   4.0837 
 13.1000  -2.3386   2.1683  -2.6304   2.2778  -0.8413   0.9253  -0.1186   0.7565  -0.0065  -0.0050   0.3057   0.0000   0.0009   4.1143 
 13.2000  -2.2291   3.4288  -1.9130   2.5088  -0.9686   0.4994  -0.4137   0.7972   0.0224   0.0155   0.3273   0.0000  -0.0018   4.1470 
 13.3000  -2.5169   2.1156  -2.9830   2.3629  -0.8309   0.2138  -0.5739   0.5877  -0.0128  -0.0089   0.3240  -0.0000  -0.0002   4.1794 
 13.4000  -2.2413   2.3142  -2.5534   2.4561  -0.7859   0.7357  -0.0537   0.5557  -0.0003  -0.0057   0.3106  -0.0005   0.0001   4.2104 
 13.5000  -2.4237   2.2413  -2.2534   2.1156  -0.8405   0.8379  -0.2709   0.6639  -0.0040   0.0037   0.2933  -0.0000   0.0002   4.2398 
 13.6000  -1.9859   2.7641  -2.2251   2.6182  -1.1071   0.6648  -0.4830   0.7773   0.0146  -0.0012   0.3115  -0.0008  -0.0010   4.2709 
 13.7000  -2.7722   2.6142  -2.6668   2.3750  -1.0923   0.4163  -0.5141   0.4691  -0.0056   0.0043   0.3386  -0.0001  -0.0007   4.3048 
 13.8000  -2.5209   2.3142  -2.4115   2.3710  -0.6474   0.4726  -0.3358   0.5972  -0.0031   0.0007   0.3123   0.0000  -0.0004   4.3360 
 13.9000  -2.6020   1.9252  -2.3223   2.3588  -0.6552   0.8197  -0.4129   0.6492  -0.0080  -0.0019   0.2990   0.0002   0.0004   4.3659 
 14.0000  -2.0305   2.3467  -2.5939   2.4601  -0.9807   0.9365  -0.1792   0.8405   0.0023  -0.0085   0.3062  -0.0007   0.0005   4.3965 
 14.1000  -2.6385   2.9830  -1.9373   2.2534  -1.0049   0.6847  -0.4830   0.6795   0.0083   0.0179   0.3186   0.0007  -0.0009   4.4284 
 14.2000  -2.2615   2.3710  -2.7763   2.8695  -0.8145   0.3800  -0.5687   0.5886   0.0025  -0.0127   0.3337  -0.0006  -0.0008   4.4618 
 14.3000  -2.3386   1.9130  -2.5169   2.1400  -1.0820   0.8924  -0.1610   0.4077  -0.0100  -0.0051   0.2892  -0.0008   0.0003   4.4907 
 14.4000  -2.5290   2.1886  -2.2372   2.2413  -1.0144   1.2603  -0.3177   0.8673  -0.0042   0.0030   0.2986  -0.0004   0.0007   4.5205 
 14.5000  -2.2656   3.3923  -2.3264   2.6304  -1.0898   0.6440  -0.3964   0.8318   0.0179   0.0088   0.3446   0.0001  -0.0012   4.5550 
 14.6000  -2.7763   2.2008  -2.7763   2.2048  -0.8171   0.4137  -0.4042   0.5410  -0.0143  -0.0001   0.3233   0.0003   0.0002   4.5873 
 14.7000  -2.6060   2.4318  -2.5290   2.4804  -0.4665   0.7721  -0.0710   0.7652  -0.0028   0.0004   0.3262   0.0004   0.0004   4.6200 
 14.8000  -2.2980   1.9819  -2.2494   2.1035  -0.5349   0.9045  -0.1523   0.8924  -0.0058  -0.0009   0.2803   0.0004   0.0010   4.6480 
 14.9000  -2.0427   3.0762  -2.1886   2.9181  -0.8881   0.7522  -0.3029   0.8465   0.0220   0.0002   0.3320   0.0002  -0.0012   4.6812 
 15.0000  -2.5412   2.0832  -2.3750   1.9576  -0.8907   0.5237  -0.5020   0.6864  -0.0109   0.0036   0.2908   0.0006  -0.0001   4.7103 
 15.1000  -2.4926   2.7641  -2.4926   2.8492  -0.6345   0.6258  -0.3999   0.8881   0.0079  -0.0011   0.3441   0.0005  -0.0009   4.7447 
 15.2000  -2.2899   1.8238  -2.3993   2.0589  -0.7141   0.6691  -0.3739   0.7253  -0.0101  -0.0043   0.2783   0.0001   0.0001   4.7725 
 15.3000  -2.0467   2.7722  -2.5331   2.6912  -1.0473   0.8145  -0.3012   0.9720   0.0110  -0.0051   0.3261  -0.0004  -0.0010   4.8051 
 15.4000  -2.4682   2.3831  -2.3872   2.1197  -1.0335   0.7020  -0.4233   0.6925  -0.0044   0.0043   0.3038   0.0000  -0.0005   4.8355 
 15.5000  -2.6506   2.6304  -2.4480   2.6060  -0.7799   0.6725  -0.4761   0.8483   0.0017   0.0028   0.3356   0.0003  -0.0007   4.8691 
 15.6000  -2.4804   2.0792  -2.6263   2.4966  -0.7124   0.6656  -0.2822   0.6535  -0.0066  -0.0070   0.3144  -0.0005  -0.0001   4.9005 
 15.7000  -2.6547   2.2615  -2.6020   2.3264  -0.6725   1.0032  -0.0459   0.7972  -0.0084  -0.0002   0.3196  -0.0007   0.0007   4.9325 
 15.8000  -2.0792   2.5696  -1.8887   2.1805  -0.8353   0.8266  -0.2649   1.0015   0.0098   0.0072   0.2830   0.0003  -0.0001   4.9608 
 15.9000  -2.6749   2.8127  -2.8209   3.0073  -0.8526   0.5280  -0.4111   0.7046   0.0041  -0.0043   0.3674  -0.0001  -0.0006   4.9975 
 16.0000  -2.1521   2.0184  -2.1886   2.2129  -0.7565   0.6336  -0.1134   0.4466  -0.0014  -0.0029   0.2783  -0.0004  -0.0006   5.0253 
 16.1000  -2.9587   2.4926  -2.6304   2.5534  -0.6656   0.8586  -0.1766   0.7271  -0.0068   0.0033   0.3453  -0.0003   0.0002   5.0599 
 16.2000  -1.7549   1.6212  -1.3375   0.8309  -0.8015   1.0776  -0.5566   1.6498  -0.0080   0.0151   0.1800   0.0009   0.0015   5.0779 
 16.3000  -3.1532   3.7490  -3.7206   4.1502  -0.7522   0.9893  -0.5869   1.4161   0.0128  -0.0121   0.4796   0.0002  -0.0002   5.1258 
 16.4000  -1.4834   1.5847  -1.7874   2.1683  -0.6821   0.4726  -0.0138   0.1411   0.0060  -0.0111   0.2280  -0.0006  -0.0012   5.1486 
 16.5000  -3.0924   3.1613  -2.9060   3.0032  -1.0335   0.8768  -0.3532   0.5903   0.0021   0.0043   0.3949  -0.0001  -0.0012   5.1881 
 16.6000  -1.4631   1.4591  -1.4510   0.9727  -0.9703   0.7807  -0.4916   1.0543  -0.0060   0.0062   0.1736   0.0002  -0.0003   5.2055 
 16.7000  -3.3477   3.3964  -3.6517   3.3721  -1.0473   1.1313  -0.5626   1.3018  -0.0029  -0.0035   0.4470  -0.0003  -0.0003   5.2502 
 16.8000  -1.7144   1.9211  -1.7671   1.9859  -0.6526   0.6094  -0.0623   0.5410   0.0053  -0.0015   0.2399  -0.0001  -0.0008   5.2742 
 16.9000  -3.0073   3.0924  -3.1491   3.1005  -1.0318   0.8145  -0.3428   0.7158   0.0005  -0.0019   0.4010  -0.0002  -0.0009   5.3143 
 17.0000  -1.7549   1.3861  -1.5563   1.4104  -0.8682   0.9357  -0.2727   0.7582  -0.0064   0.0022   0.1983  -0.0004  -0.0003   5.3341 
 17.1000  -3.0194   3.7368  -3.2383   3.0519  -1.1045   0.9045  -0.4129   1.1945   0.0066   0.0058   0.4236   0.0004  -0.0005   5.3764 
 17.2000  -1.8765   1.4874  -1.9130   1.6577  -0.6700   0.5756  -0.2424   0.6829  -0.0081  -0.0026   0.2251  -0.0003  -0.0000   5.3990 
 17.3000  -3.1410   3.4693  -2.9546   3.4207  -0.7756   0.8604  -0.3532   0.8457   0.0099   0.0029   0.4216   0.0006  -0.0006   5.4411 
 17.4000  -1.8117   1.3253  -1.4145   1.3618  -0.5851   0.5116  -0.4328   0.7271  -0.0067   0.0045   0.1920   0.0005   0.0002   5.4603 
 17.5000  -2.7398   3.4288  -3.3113   3.3234  -1.0621   0.7929  -0.5886   1.2109   0.0088  -0.0058   0.4157   0.0006  -0.0008   5.5019 
 17.6000  -2.1683   1.3537  -2.2372   1.5361  -0.6258   0.5903  -0.1229   0.6925  -0.0189  -0.0031   0.2369  -0.0009   0.0003   5.5256 
 17.7000  -3.0073   3.3680  -2.6425   3.1735  -0.5531   0.8855  -0.2787   1.1296   0.0111   0.0070   0.3958   0.0004   0.0000   5.5652 
 17.8000  -2.1075   1.6577  -1.8036   1.8036  -0.3644   0.4008  -0.4371   0.8084  -0.0056   0.0020   0.2394   0.0001   0.0006   5.5891 
 17.9000  -2.0954   2.3953  -2.8087   2.8127  -0.9625   1.0698  -0.4787   1.3209   0.0038  -0.0141   0.3283  -0.0005  -0.0008   5.6219 
 18.0000  -2.1278   2.7641  -2.1319   2.2534  -1.0837   0.7366  -0.3523   0.9218   0.0095   0.0063   0.3012   0.0006  -0.0009   5.6520 
 18.1000  -2.6628   2.4845  -2.2656   2.5574  -0.8413   0.6275  -0.8786   0.9997   0.0014   0.0041   0.3237   0.0010  -0.0006   5.6844 
 18.2000  -2.6263   2.2859  -2.7033   2.4966  -0.7141   0.5851  -0.5730   0.9616  -0.0068  -0.0036   0.3283   0.0002  -0.0005   5.7173 
 18.3000  -2.5047   1.8887  -2.6668   2.0589  -0.6440   0.9963  -0.2242   1.1651  -0.0153  -0.0042   0.2961  -0.0013  -0.0001   5.7469 
 18.4000  -2.2048   3.1046  -2.6871   3.0559  -0.7911   0.9054  -0.0511   1.0041   0.0159  -0.0054   0.3588  -0.0002  -0.0013   5.7827 
 18.5000  -2.0548   1.9373  -1.8522   2.0467  -0.9963   0.7219  -0.4111   0.6371   0.0010   0.0012   0.2562  -0.0001  -0.0013   5.8084 
 18.6000  -2.9343   3.1127  -2.5209   2.7722  -0.9253   0.6544  -0.6042   0.8742   0.0054   0.0094   0.3682   0.0008  -0.0007   5.8452 
 18.7000  -2.4926   1.5239  -2.4561   1.9130  -0.5029   0.6397  -0.3306   0.8448  -0.0189  -0.0044   0.2723  -0.0011  -0.0003   5.8724 
 18.8000  -2.2048   2.7114  -2.4075   2.8006  -0.8370   1.1027  -0.2164   1.0820   0.0112  -0.0036   0.3287  -0.0002  -0.0011   5.9053 
 18.9000  -2.4561   2.8816  -2.2494   2.4196  -0.9357   0.4821  -0.3878   0.6890   0.0074   0.0084   0.3249   0.0008  -0.0006   5.9378 
 19.0000  -2.5088   2.2372  -2.3507   2.1035  -0.7262   0.4968  -0.5964   0.8855  -0.0065   0.0036   0.2987   0.0003  -0.0000   5.9676 
 19.1000  -2.6790   2.2980  -2.5898   2.4196  -0.5678   0.7504  -0.4051   1.0309  -0.0069  -0.0004   0.3242  -0.0004   0.0002   6.0001 
 19.2000  -2.0346   2.0792  -2.7114   2.5939  -0.7279   0.8855  -0.1420   0.8907  -0.0009  -0.0149   0.3058  -0.0009  -0.0012   6.0306 
 19.3000  -2.2129   2.5534  -1.9819   2.6628  -1.0482   1.0084  -0.2787   0.5895   0.0128   0.0015   0.3056   0.0004  -0.0014   6.0612 
 19.4000  -2.9708   2.5574  -2.4723   2.1400  -0.8474   0.6319  -0.4865   0.7920  -0.0093   0.0114   0.3292  -0.0002  -0.0001   6.0941 
 19.5000  -2.4804   2.3629  -2.5574   2.7763  -0.3791   0.6639  -0.2415   0.8093   0.0013  -0.0061   0.3304  -0.0002  -0.0007   6.1272 
 19.6000  -1.9089   1.6901  -1.6698   1.8765  -0.9530   1.0984  -0.5245   0.8552  -0.0002   0.0007   0.2320  -0.0002  -0.0006   6.1504 
 19.7000  -3.0438   3.1248  -3.2464   2.8614  -0.9980   0.9599  -0.4146   1.1313  -0.0038   0.0008   0.3986  -0.0006  -0.0005   6.1902 
 19.8000  -2.0913   2.3953  -1.7144   2.0589  -0.4761   0.5263  -0.2978   0.8344   0.0081   0.0089   0.2682   0.0003   0.0003   6.2170 
 19.9000  -2.8735   2.8087  -2.9789   2.9222  -0.6665   0.4821  -0.6033   0.9158  -0.0015  -0.0027   0.3761   0.0001   0.0000   6.2546 
 20.0000  -1.7914   1.5563  -2.0792   2.1886  -0.5955   0.7747  -0.2553   0.6492  -0.0016  -0.0115   0.2473  -0.0001  -0.0011   6.2794 
