  0.1000   0.0041   0.0000  -0.0000   0.0000  -0.0796  -0.0831  -0.0208   0.0199   0.0001  -0.0001  -0.0001   0.0000  -0.0000  -0.0000 
  0.2000  -0.7579   0.5107  -0.7701   0.8025  -0.9192   0.8396  -0.8967   0.8872  -0.0027  -0.0038   0.0922  -0.0003  -0.0004   0.0092 
  0.3000  -1.4753   1.1105  -1.5239   1.6941  -0.8621   0.9270  -0.7998   0.7046  -0.0024  -0.0079   0.1884  -0.0005  -0.0012   0.0281 
  0.4000  -1.8644   1.8238  -2.2251   1.9089  -0.9227   0.8154  -0.6578   0.8690  -0.0045  -0.0056   0.2540  -0.0009  -0.0017   0.0535 
  0.5000  -2.3102   2.7155  -2.6912   2.3872  -0.8439   0.5072  -0.5012   0.7184   0.0013  -0.0007   0.3281  -0.0008  -0.0018   0.0863 
  0.6000  -2.7884   2.6506  -2.9181   2.7479  -0.6492   0.6085  -0.4189   0.5938  -0.0039  -0.0028   0.3606  -0.0012  -0.0021   0.1223 
  0.7000  -2.9587   2.4480  -2.8330   2.9587  -0.5791   0.8266  -0.4882   0.4960  -0.0048  -0.0048   0.3636  -0.0016  -0.0027   0.1587 
  0.8000  -2.6547   2.3264  -3.0640   2.6749  -0.7660   0.9591  -0.3090   0.6786  -0.0090  -0.0095   0.3481  -0.0023  -0.0037   0.1935 
  0.9000  -2.6182   3.0438  -2.8695   2.6425  -0.7799   0.4605  -0.4259   0.6803   0.0025   0.0019   0.3628  -0.0021  -0.0035   0.2298 
  1.0000  -2.9100   2.9668  -2.8330   2.7479  -0.5869   0.5609  -0.3843   0.6042  -0.0004   0.0037   0.3720  -0.0022  -0.0032   0.2670 
  1.1000  -2.8695   2.1319  -2.4358   2.8249  -0.5920   0.9963  -0.6042   0.5167  -0.0044  -0.0032   0.3332  -0.0026  -0.0036   0.3003 
  1.2000  -2.4966   2.2251  -2.4682   2.5696  -0.8275   1.0387  -0.5436   0.6622  -0.0021  -0.0040   0.3169  -0.0026  -0.0040   0.3320 
  1.3000  -2.3750   3.1775  -2.7155   2.7155  -0.9071   0.4873  -0.3679   0.5644   0.0100   0.0015   0.3566  -0.0017  -0.0035   0.3676 
  1.4000  -2.8452   2.8249  -2.6385   2.4845  -0.6154   0.6172  -0.4111   0.6786  -0.0022   0.0068   0.3504  -0.0022  -0.0030   0.4027 
  1.5000  -2.7601   2.3710  -2.4439   2.6304  -0.6388   0.8941  -0.5133   0.5886  -0.0025   0.0007   0.3313  -0.0025  -0.0030   0.4358 
  1.6000  -2.5534   2.3710  -2.4075   2.5331  -0.7626   0.9088  -0.5185   0.6604  -0.0007  -0.0002   0.3203  -0.0025  -0.0031   0.4678 
  1.7000  -2.3507   3.2018  -2.6020   2.5453  -0.8734   0.4475  -0.3930   0.6466   0.0099   0.0051   0.3474  -0.0019  -0.0022   0.5026 
  1.8000  -2.6060   2.6304  -2.5453   2.5331  -0.7219   0.7262  -0.4285   0.6371   0.0002   0.0020   0.3349  -0.0019  -0.0020   0.5361 
  1.9000  -2.8209   2.3264  -2.5169   2.4318  -0.6284   0.8751  -0.4605   0.7046  -0.0072   0.0025   0.3278  -0.0027  -0.0021   0.5688 
  2.0000  -2.6749   2.3953  -2.3386   2.3345  -0.6864   0.8699  -0.5444   0.7816  -0.0035   0.0050   0.3163  -0.0033  -0.0019   0.6005 
  2.1000  -2.2615   2.8330  -2.5574   2.4926  -0.8768   0.5877  -0.4172   0.6994   0.0063   0.0006   0.3294  -0.0028  -0.0015   0.6334 
  2.2000  -2.5777   2.6060  -2.7601   2.9303  -0.7574   0.7279  -0.2856   0.4406   0.0025  -0.0063   0.3531  -0.0022  -0.0019   0.6687 
  2.3000  -2.6506   2.3831  -2.5696   2.5696  -0.6734   0.8353  -0.4181   0.6258  -0.0033  -0.0013   0.3303  -0.0024  -0.0022   0.7017 
  2.4000  -2.6506   2.4966  -2.2778   2.2129  -0.6500   0.8110  -0.5583   0.8422  -0.0027   0.0082   0.3129  -0.0031  -0.0017   0.7330 
  2.5000  -2.3710   2.8006  -2.4075   2.3386  -0.8422   0.6042  -0.4951   0.7972   0.0045   0.0053   0.3220  -0.0031  -0.0010   0.7652 
  2.6000  -2.5817   2.6263  -2.6912   2.8573  -0.7392   0.7297  -0.3393   0.5116   0.0026  -0.0043   0.3492  -0.0026  -0.0012   0.8002 
  2.7000  -2.6871   2.4682  -2.7236   2.6020  -0.6362   0.7721  -0.3627   0.6405  -0.0043  -0.0021   0.3403  -0.0028  -0.0016   0.8342 
  2.8000  -2.4561   2.2251  -2.3223   2.1886  -0.7608   0.9738  -0.5704   0.9063  -0.0046   0.0021   0.2984  -0.0032  -0.0018   0.8640 
  2.9000  -2.5412   2.6749  -2.5939   2.5453  -0.7210   0.7072  -0.4302   0.7063   0.0011   0.0010   0.3362  -0.0033  -0.0017   0.8976 
  3.0000  -2.5939   2.6871  -2.6142   2.7398  -0.6725   0.6639  -0.4060   0.6146   0.0027  -0.0009   0.3453  -0.0030  -0.0015   0.9322 
  3.1000  -2.8127   2.6263  -2.7114   2.5169  -0.5375   0.6544  -0.3557   0.7435  -0.0048   0.0026   0.3463  -0.0035  -0.0017   0.9668 
  3.2000  -2.5331   2.1562  -2.4723   2.1440  -0.6596   0.9997  -0.5098   0.9513  -0.0088   0.0009   0.3021  -0.0041  -0.0024   0.9970 
  3.3000  -2.5088   2.7844  -2.4966   2.4561  -0.6951   0.6154  -0.4934   0.7859   0.0029   0.0043   0.3327  -0.0043  -0.0019   1.0303 
  3.4000  -2.5209   2.6020  -2.6304   2.7033  -0.6630   0.7063  -0.3982   0.6397   0.0019  -0.0026   0.3395  -0.0040  -0.0019   1.0642 
  3.5000  -2.8127   2.6790  -2.7479   2.5574  -0.4726   0.6345  -0.3306   0.7228  -0.0041   0.0023   0.3506  -0.0044  -0.0021   1.0993 
  3.6000  -2.1805   1.9738  -2.6912   2.1440  -0.8379   1.0672  -0.4060   0.9642  -0.0094  -0.0085   0.2919  -0.0040  -0.0034   1.1285 
  3.7000  -2.2778   2.4845  -2.5898   2.4845  -0.8180   0.8335  -0.4527   0.7721   0.0013  -0.0039   0.3194  -0.0036  -0.0034   1.1604 
  3.8000  -2.4237   2.5574  -2.7641   2.7844  -0.7816   0.7686  -0.3073   0.5912   0.0019  -0.0071   0.3419  -0.0029  -0.0035   1.1946 
  3.9000  -2.6668   2.7601  -2.6182   2.5817  -0.6345   0.6786  -0.3731   0.7184   0.0007   0.0028   0.3450  -0.0031  -0.0034   1.2291 
  4.0000  -2.7763   2.3386  -2.5817   2.4115  -0.6059   0.9045  -0.4025   0.8465  -0.0076   0.0015   0.3282  -0.0035  -0.0040   1.2619 
  4.1000  -2.6385   2.7155  -2.3629   2.5898  -0.6838   0.6829  -0.5496   0.7167   0.0038   0.0050   0.3346  -0.0039  -0.0035   1.2954 
  4.2000  -2.3386   2.7114  -2.6912   2.7884  -0.7989   0.6682  -0.3592   0.5869   0.0059  -0.0054   0.3419  -0.0032  -0.0031   1.3296 
  4.3000  -2.6304   2.7763  -2.4845   2.7236  -0.6708   0.5877  -0.4873   0.6232   0.0048   0.0025   0.3446  -0.0033  -0.0026   1.3640 
  4.4000  -2.8371   2.2859  -2.4358   2.4723  -0.5600   0.8656  -0.5263   0.8188  -0.0064   0.0027   0.3257  -0.0037  -0.0031   1.3966 
  4.5000  -2.1926   2.6628  -2.3345   2.4723  -0.8483   0.6120  -0.6094   0.7885   0.0076   0.0006   0.3137  -0.0037  -0.0024   1.4280 
  4.6000  -2.2899   2.5898  -2.6668   2.5817  -0.8526   0.6838  -0.4362   0.7089   0.0027  -0.0046   0.3288  -0.0032  -0.0022   1.4609 
  4.7000  -2.6628   2.7965  -2.5817   2.8006  -0.6639   0.5349  -0.4553   0.5955   0.0044   0.0010   0.3520  -0.0032  -0.0017   1.4961 
  4.8000  -2.7884   2.2859  -2.2859   2.6628  -0.5808   0.8474  -0.6024   0.6959  -0.0016   0.0016   0.3254  -0.0034  -0.0019   1.5286 
  4.9000  -2.4480   2.6385  -2.3831   2.3142  -0.7115   0.6223  -0.6016   0.8760   0.0015   0.0049   0.3177  -0.0039  -0.0017   1.5604 
  5.0000  -2.4439   2.6304  -2.6790   2.4926  -0.7773   0.6362  -0.4337   0.7686  -0.0000  -0.0012   0.3327  -0.0037  -0.0017   1.5936 
  5.1000  -2.6547   2.6425  -2.6263   2.8127  -0.6933   0.6275  -0.4362   0.5644   0.0022  -0.0018   0.3486  -0.0036  -0.0015   1.6285 
  5.2000  -2.7398   2.1764  -2.2615   2.6547  -0.5920   0.8907  -0.6622   0.6353  -0.0021   0.0000   0.3192  -0.0036  -0.0017   1.6604 
  5.3000  -2.5939   2.3588  -2.4196   2.3993  -0.6483   0.7582  -0.5765   0.8232  -0.0032   0.0017   0.3173  -0.0037  -0.0020   1.6921 
  5.4000  -2.6060   2.6385  -2.7357   2.5655  -0.6760   0.6604  -0.3912   0.7600  -0.0017  -0.0007   0.3424  -0.0036  -0.0022   1.7264 
  5.5000  -2.6749   2.5939  -2.6993   2.7236  -0.5998   0.6336  -0.3860   0.6509  -0.0007  -0.0019   0.3471  -0.0034  -0.0022   1.7611 
  5.6000  -2.7601   2.2980  -2.2899   2.6142  -0.5159   0.8535  -0.6007   0.7288  -0.0017   0.0019   0.3234  -0.0036  -0.0024   1.7934 
  5.7000  -2.5209   2.2170  -2.6263   2.3386  -0.6492   0.9244  -0.4432   0.9210  -0.0074  -0.0028   0.3150  -0.0031  -0.0031   1.8249 
  5.8000  -2.5898   2.6749  -2.7357   2.6628  -0.6310   0.6751  -0.3592   0.7435   0.0002  -0.0017   0.3462  -0.0030  -0.0030   1.8596 
  5.9000  -2.5939   2.5939  -2.6749   2.7114  -0.6189   0.6622  -0.3722   0.6622   0.0005  -0.0025   0.3433  -0.0027  -0.0029   1.8939 
  6.0000  -2.8330   2.5290  -2.4237   2.4601  -0.4414   0.7530  -0.5003   0.8093  -0.0033   0.0060   0.3327  -0.0032  -0.0034   1.9272 
  6.1000  -2.1764   2.0103  -2.2534   2.3831  -0.8647   1.0828  -0.5773   0.9097  -0.0005  -0.0056   0.2865  -0.0027  -0.0033   1.9558 
  6.2000  -2.3142   2.9546  -2.6547   2.4804  -0.8275   0.5254  -0.3843   0.8309   0.0058   0.0017   0.3378  -0.0030  -0.0028   1.9896 
  6.3000  -2.5574   2.5412  -2.7114   2.8127  -0.6596   0.7825  -0.3177   0.6154   0.0011  -0.0053   0.3449  -0.0026  -0.0025   2.0241 
  6.4000  -2.6912   2.5898  -2.7236   2.4723  -0.6128   0.7496  -0.3004   0.8032  -0.0044   0.0011   0.3402  -0.0025  -0.0029   2.0581 
  6.5000  -2.3872   2.3467  -2.2494   2.3993  -0.7678   0.9340  -0.5678   0.8768   0.0014   0.0011   0.3046  -0.0026  -0.0029   2.0886 
  6.6000  -2.4723   2.8816  -2.3831   2.5169  -0.7409   0.6050  -0.5349   0.7859   0.0068   0.0057   0.3329  -0.0035  -0.0026   2.1219 
  6.7000  -2.6263   2.8371  -2.6547   2.7965  -0.6388   0.5860  -0.3860   0.6215   0.0044   0.0002   0.3544  -0.0037  -0.0022   2.1573 
  6.8000  -2.8695   2.5655  -2.7844   2.4845  -0.4813   0.6682  -0.3402   0.7773  -0.0075   0.0021   0.3475  -0.0035  -0.0029   2.1920 
  6.9000  -2.2980   2.1400  -2.6628   2.3021  -0.8145   0.9547  -0.3722   0.8889  -0.0065  -0.0066   0.3053  -0.0026  -0.0031   2.2226 
  7.0000  -2.2048   2.8938  -2.2899   2.5331  -0.8820   0.5228  -0.6102   0.7842   0.0117   0.0034   0.3221  -0.0035  -0.0024   2.2548 
  7.1000  -2.4966   2.6993  -2.5655   2.6912  -0.7375   0.6007  -0.4631   0.6570   0.0041  -0.0008   0.3394  -0.0037  -0.0020   2.2887 
  7.2000  -2.6020   2.7520  -2.5047   2.6263  -0.6388   0.5609  -0.5410   0.6829   0.0034   0.0028   0.3404  -0.0042  -0.0019   2.3228 
  7.3000  -2.5331   2.2170  -2.2778   2.3102  -0.6942   0.8630  -0.6769   0.8673  -0.0035   0.0020   0.3032  -0.0041  -0.0023   2.3531 
  7.4000  -2.4318   2.6142  -2.4845   2.5088  -0.7600   0.6483  -0.5644   0.7773   0.0026   0.0007   0.3259  -0.0043  -0.0022   2.3857 
  7.5000  -2.5777   2.7033  -2.6749   2.6142  -0.6968   0.5920  -0.4821   0.7106   0.0008  -0.0001   0.3432  -0.0044  -0.0021   2.4200 
  7.6000  -2.7357   2.6993  -2.5534   2.6182  -0.5808   0.5739  -0.5211   0.6925   0.0004   0.0033   0.3444  -0.0046  -0.0023   2.4544 
  7.7000  -2.3831   2.0548  -2.2534   2.3993  -0.7548   0.9305  -0.7184   0.8240  -0.0023  -0.0027   0.2952  -0.0043  -0.0023   2.4839 
  7.8000  -2.5696   2.6020  -2.5331   2.5655  -0.6613   0.6656  -0.6050   0.7582   0.0008   0.0009   0.3334  -0.0044  -0.0023   2.5173 
  7.9000  -2.6547   2.6790  -2.7965   2.8006  -0.5955   0.5644  -0.4224   0.6068   0.0004  -0.0033   0.3549  -0.0042  -0.0020   2.5528 
  8.0000  -2.7722   2.7479  -2.7033   2.6668  -0.4994   0.5167  -0.4354   0.6544  -0.0008   0.0019   0.3536  -0.0043  -0.0022   2.5881 
  8.1000  -2.3102   1.9576  -2.2980   2.4723  -0.7695   0.9781  -0.6899   0.7972  -0.0022  -0.0063   0.2934  -0.0037  -0.0018   2.6175 
  8.2000  -2.4804   2.4926  -2.4358   2.4196  -0.6604   0.7072  -0.5791   0.8136  -0.0001   0.0015   0.3191  -0.0038  -0.0019   2.6494 
  8.3000  -2.5939   2.5412  -2.8209   2.8614  -0.5981   0.6457  -0.3800   0.5747  -0.0002  -0.0068   0.3512  -0.0035  -0.0013   2.6845 
  8.4000  -2.6749   2.6668  -2.6912   2.6182  -0.5540   0.5713  -0.4077   0.6786  -0.0010   0.0004   0.3458  -0.0034  -0.0014   2.7191 
  8.5000  -2.2372   1.9454  -2.2372   2.8209  -0.7981   1.0248  -0.6682   0.6232   0.0036  -0.0109   0.3000  -0.0033  -0.0003   2.7491 
  8.6000  -2.4926   2.5453  -2.3102   2.3102  -0.6561   0.7080  -0.6448   0.8543   0.0007   0.0052   0.3136  -0.0035  -0.0007   2.7805 
  8.7000  -2.6142   2.7276  -2.6749   2.6749  -0.6059   0.5635  -0.4553   0.6613   0.0014  -0.0001   0.3471  -0.0037  -0.0007   2.8152 
  8.8000  -2.5534   2.5534  -2.7722   2.6304  -0.6492   0.6734  -0.3376   0.6786  -0.0018  -0.0037   0.3412  -0.0034  -0.0004   2.8493 
  8.9000  -2.3710   2.2372  -2.2170   2.6020  -0.7539   0.8829  -0.6249   0.6795   0.0031  -0.0026   0.3061  -0.0036  -0.0000   2.8799 
  9.0000  -2.5169   2.5696  -2.1764   2.6263  -0.6777   0.6855  -0.6665   0.6976   0.0063   0.0035   0.3211  -0.0043  -0.0002   2.9120 
  9.1000  -2.3102   3.2018  -2.3993   2.3507  -0.7859   0.3687  -0.6102   0.8595   0.0105   0.0095   0.3332  -0.0055  -0.0009   2.9453 
  9.2000  -2.5169   2.8127  -2.5331   2.6385  -0.7011   0.5090  -0.5124   0.6700   0.0050   0.0020   0.3409  -0.0061  -0.0010   2.9794 
  9.3000  -2.7398   2.2980  -2.5696   2.7601  -0.5488   0.7686  -0.5046   0.5669  -0.0031  -0.0036   0.3366  -0.0057  -0.0007   3.0131 
  9.4000  -2.2656   2.5777  -2.9100   2.3467  -0.8491   0.6700  -0.3073   0.8223  -0.0031  -0.0052   0.3279  -0.0053  -0.0002   3.0459 
  9.5000  -2.2251   2.4723  -2.5047   2.6020  -0.8863   0.6976  -0.5531   0.6873   0.0043  -0.0051   0.3183  -0.0057   0.0003   3.0777 
  9.6000  -2.5290   2.6790  -2.6060   2.7114  -0.7340   0.5453  -0.4804   0.5998   0.0032  -0.0014   0.3417  -0.0060   0.0005   3.1119 
  9.7000  -2.8127   2.4196  -2.2372   2.6425  -0.5410   0.7089  -0.7011   0.6345   0.0002   0.0044   0.3283  -0.0061   0.0001   3.1447 
  9.8000  -2.5047   2.5534  -2.7114   2.2048  -0.7115   0.6232  -0.4726   0.8898  -0.0057   0.0018   0.3238  -0.0055  -0.0001   3.1771 
  9.9000  -2.3629   2.5453  -2.7398   2.5534  -0.7946   0.6275  -0.4605   0.6829  -0.0001  -0.0048   0.3312  -0.0055   0.0004   3.2102 
 10.0000  -2.6547   2.7114  -2.6547   2.7520  -0.6674   0.5141  -0.4847   0.5972   0.0019  -0.0005   0.3498  -0.0057   0.0004   3.2452 
 10.1000  -2.8330   2.5331  -2.4439   2.6060  -0.5098   0.6111  -0.6197   0.6777  -0.0017   0.0040   0.3382  -0.0055   0.0000   3.2790 
 10.2000  -2.2899   2.3345  -2.3953   2.3386  -0.8162   0.7461  -0.6674   0.8292  -0.0002  -0.0014   0.3038  -0.0055   0.0002   3.3094 
 10.3000  -2.4804   2.9465  -2.6993   2.5898  -0.7496   0.4042  -0.4994   0.6968   0.0045   0.0017   0.3479  -0.0059  -0.0001   3.3442 
 10.4000  -2.6790   2.7641  -2.8006   2.8492  -0.6068   0.4570  -0.4137   0.5193   0.0017  -0.0026   0.3602  -0.0061   0.0001   3.3802 
 10.5000  -2.8695   2.4561  -2.6385   2.7641  -0.4743   0.6353  -0.5020   0.5462  -0.0036  -0.0010   0.3483  -0.0058   0.0003   3.4150 
 10.6000  -2.4358   2.3021  -2.4966   2.2291  -0.7331   0.7323  -0.5566   0.8560  -0.0050   0.0002   0.3073  -0.0053   0.0004   3.4458 
 10.7000  -2.2615   3.0883  -2.5777   2.4196  -0.8543   0.2865  -0.5462   0.7608   0.0084   0.0044   0.3359  -0.0060  -0.0002   3.4794 
 10.8000  -2.6142   2.7033  -2.6993   2.6425  -0.6691   0.5072  -0.4484   0.6137   0.0004  -0.0003   0.3461  -0.0060  -0.0002   3.5140 
 10.9000  -2.9303   2.5696  -2.9830   2.7520  -0.4890   0.5090  -0.3229   0.5574  -0.0074  -0.0029   0.3648  -0.0054   0.0003   3.5504 
 11.0000  -2.3021   1.9859  -2.5777   2.2615  -0.8084   0.9616  -0.4916   0.8284  -0.0079  -0.0069   0.2963  -0.0050   0.0013   3.5801 
 11.1000  -2.1926   2.7641  -2.6020   2.3831  -0.9019   0.4484  -0.5098   0.7790   0.0044  -0.0004   0.3228  -0.0054   0.0011   3.6123 
 11.2000  -2.5655   2.6182  -2.8249   2.8452  -0.7236   0.5903  -0.3497   0.4899   0.0009  -0.0061   0.3524  -0.0057   0.0016   3.6476 
 11.3000  -2.6871   2.6871  -2.5777   2.7641  -0.6388   0.5081  -0.4890   0.5566   0.0023   0.0004   0.3479  -0.0059   0.0015   3.6824 
 11.4000  -2.3102   2.2291  -2.4318   2.4601  -0.8483   0.7842  -0.5393   0.7011  -0.0007  -0.0044   0.3062  -0.0061   0.0019   3.7130 
 11.5000  -2.2129   2.9587  -2.3507   2.2737  -0.9305   0.3956  -0.6319   0.8292   0.0084   0.0068   0.3181  -0.0064   0.0009   3.7448 
 11.6000  -2.6425   2.6993  -2.5898   2.5290  -0.7046   0.5367  -0.5133   0.6890  -0.0001   0.0028   0.3396  -0.0063   0.0006   3.7788 
 11.7000  -2.7398   2.7965  -2.6304   2.6263  -0.6371   0.4042  -0.4769   0.6379   0.0007   0.0035   0.3504  -0.0061   0.0003   3.8138 
 11.8000  -2.6060   2.3021  -2.3588   2.7641  -0.6492   0.7002  -0.6275   0.5280   0.0013  -0.0027   0.3257  -0.0064   0.0004   3.8464 
 11.9000  -2.2129   2.4926  -2.4196   2.2615  -0.9158   0.5263  -0.6050   0.8318   0.0015   0.0003   0.3048  -0.0065   0.0003   3.8769 
 12.0000  -2.3872   2.4845  -2.7276   2.6912  -0.8500   0.6059  -0.4449   0.5782   0.0008  -0.0068   0.3341  -0.0070   0.0008   3.9103 
 12.1000  -2.7114   2.7479  -2.6060   2.6547  -0.6751   0.4432  -0.4873   0.5920   0.0011   0.0025   0.3481  -0.0069   0.0005   3.9451 
 12.2000  -2.8006   2.3223  -2.2494   2.3629  -0.6466   0.7158  -0.6855   0.7418  -0.0046   0.0064   0.3161  -0.0061   0.0004   3.9767 
 12.3000  -2.1562   2.8330  -2.3831   2.2372  -0.9911   0.4137  -0.6284   0.8405   0.0066   0.0046   0.3120  -0.0062  -0.0004   4.0079 
 12.4000  -2.5047   2.6668  -2.7844   2.6385  -0.8197   0.4986  -0.4198   0.6223   0.0002  -0.0031   0.3440  -0.0065  -0.0002   4.0423 
 12.5000  -2.7520   2.7641  -2.4845   2.5939  -0.6725   0.4016  -0.5808   0.6249   0.0015   0.0055   0.3440  -0.0061  -0.0007   4.0767 
 12.6000  -2.6182   2.1156  -1.9616   2.5453  -0.7998   0.7903  -0.8993   0.6526   0.0010   0.0028   0.3000  -0.0060  -0.0009   4.1067 
 12.7000  -2.2291   2.3142  -2.5817   2.3588  -1.0127   0.7357  -0.5747   0.8084  -0.0017  -0.0050   0.3079  -0.0063  -0.0005   4.1375 
 12.8000  -2.6628   2.5777  -2.8330   2.7641  -0.7781   0.5531  -0.4406   0.5618  -0.0019  -0.0045   0.3519  -0.0066  -0.0001   4.1727 
 12.9000  -2.7884   2.7155  -2.7398   2.6628  -0.6457   0.4691  -0.4181   0.5851  -0.0019   0.0013   0.3541  -0.0063   0.0000   4.2081 
 13.0000  -2.9830   2.2494  -2.2534   2.6871  -0.5228   0.7730  -0.6821   0.5358  -0.0037   0.0036   0.3303  -0.0058   0.0002   4.2411 
 13.1000  -2.4439   2.3710  -2.3345   2.2170  -0.8604   0.7080  -0.6613   0.8266  -0.0024   0.0033   0.3041  -0.0054   0.0002   4.2715 
 13.2000  -2.5412   2.4480  -2.7722   2.6263  -0.8431   0.6552  -0.4380   0.6163  -0.0030  -0.0051   0.3373  -0.0058   0.0007   4.3052 
 13.3000  -2.6182   2.6060  -2.7033   2.6304  -0.7461   0.5566  -0.4198   0.6111  -0.0011  -0.0014   0.3428  -0.0059   0.0009   4.3395 
 13.4000  -2.7601   2.3507  -2.5534   2.7520  -0.6397   0.7331  -0.4622   0.5289  -0.0026  -0.0024   0.3382  -0.0060   0.0012   4.3733 
 13.5000  -2.2008   2.3386  -2.2656   2.2372  -0.9686   0.7504  -0.6613   0.8327   0.0014   0.0005   0.2936  -0.0060   0.0011   4.4027 
 13.6000  -2.5169   2.4682  -2.6425   2.4845  -0.8682   0.6855  -0.4683   0.6899  -0.0026  -0.0018   0.3283  -0.0061   0.0014   4.4355 
 13.7000  -2.6668   2.6060  -2.7479   2.7641  -0.7496   0.6146  -0.3566   0.5323  -0.0006  -0.0030   0.3502  -0.0064   0.0015   4.4705 
 13.8000  -2.5939   2.4601  -2.6790   2.7236  -0.7868   0.6976  -0.3661   0.5418  -0.0011  -0.0044   0.3395  -0.0068   0.0017   4.5045 
 13.9000  -2.5290   2.3386  -2.1643   2.3993  -0.8154   0.7738  -0.6708   0.7236   0.0006   0.0038   0.3062  -0.0064   0.0016   4.5351 
 14.0000  -2.4480   2.7479  -2.5412   2.3345  -0.8673   0.5618  -0.5038   0.7548   0.0012   0.0040   0.3270  -0.0060   0.0014   4.5678 
 14.1000  -2.7276   2.7033  -2.6628   2.6547  -0.7228   0.5600  -0.4016   0.6024  -0.0004   0.0014   0.3490  -0.0059   0.0014   4.6027 
 14.2000  -2.6790   2.6547  -2.7641   2.7965  -0.7011   0.5514  -0.3306   0.4579   0.0001  -0.0028   0.3537  -0.0062   0.0014   4.6381 
 14.3000  -2.4723   2.2859  -2.1278   2.3993  -0.8612   0.7721  -0.6734   0.7253   0.0011   0.0029   0.3015  -0.0059   0.0013   4.6682 
 14.4000  -2.2372   2.4561  -2.5290   2.6142  -0.9712   0.6838  -0.4916   0.6431   0.0038  -0.0056   0.3194  -0.0065   0.0009   4.7002 
 14.5000  -2.5331   2.6182  -2.7155   2.7884  -0.8249   0.5505  -0.3748   0.4951   0.0020  -0.0044   0.3459  -0.0069   0.0008   4.7348 
 14.6000  -2.6385   2.5574  -2.3102   2.6668  -0.7851   0.5583  -0.6267   0.5418   0.0034   0.0027   0.3303  -0.0066   0.0004   4.7678 
 14.7000  -2.4804   2.3831  -2.0062   2.3223  -0.8604   0.7721  -0.8206   0.7998   0.0027   0.0067   0.2984  -0.0059   0.0002   4.7976 
 14.8000  -2.3264   2.9911  -2.6020   2.5169  -0.9945   0.3644  -0.5090   0.6829   0.0072   0.0025   0.3388  -0.0056  -0.0005   4.8315 
 14.9000  -2.6385   2.6993  -2.6993   2.7236  -0.8136   0.5046  -0.4432   0.5574   0.0011  -0.0011   0.3494  -0.0057  -0.0006   4.8664 
 15.0000  -2.7276   2.6668  -2.6182   2.7357  -0.7427   0.5055  -0.5315   0.5176   0.0007   0.0005   0.3490  -0.0057  -0.0007   4.9013 
 15.1000  -2.2737   2.2129  -2.3223   2.1683  -1.0101   0.7842  -0.7340   0.8586  -0.0027  -0.0001   0.2915  -0.0057  -0.0004   4.9305 
 15.2000  -2.2859   2.7965  -2.5534   2.5088  -1.0015   0.4259  -0.5843   0.6795   0.0058   0.0003   0.3294  -0.0056  -0.0010   4.9634 
 15.3000  -2.7236   2.6912  -2.9060   2.8816  -0.7781   0.4865  -0.3739   0.4726  -0.0007  -0.0047   0.3637  -0.0060  -0.0010   4.9998 
 15.4000  -2.7844   2.6506  -2.6749   2.8330  -0.6933   0.5090  -0.4674   0.4224   0.0003  -0.0009   0.3553  -0.0061  -0.0011   5.0353 
 15.5000  -2.5534   2.2048  -2.3750   2.2048  -0.8396   0.8032  -0.6916   0.8258  -0.0065   0.0022   0.3032  -0.0061  -0.0004   5.0656 
 15.6000  -2.2899   2.5817  -2.5331   2.4561  -0.9893   0.5747  -0.5687   0.6829   0.0027  -0.0015   0.3202  -0.0061  -0.0007   5.0977 
 15.7000  -2.4926   2.5412  -2.8452   2.7763  -0.8872   0.5920  -0.3670   0.5289  -0.0003  -0.0073   0.3459  -0.0068  -0.0010   5.1323 
 15.8000  -2.6385   2.6668  -2.6425   2.8452  -0.8032   0.5341  -0.4501   0.4960   0.0029  -0.0023   0.3504  -0.0069  -0.0013   5.1673 
 15.9000  -2.8371   2.0427  -2.4561   2.2859  -0.6604   0.9210  -0.5574   0.7617  -0.0121   0.0017   0.3124  -0.0073  -0.0002   5.1985 
 16.0000  -2.2615   2.4845  -2.4358   2.3953  -1.0569   0.7080  -0.5713   0.7167   0.0023  -0.0011   0.3109  -0.0073  -0.0004   5.2296 
 16.1000  -2.5290   2.5169  -2.8087   2.7722  -0.9530   0.6959  -0.3445   0.5384  -0.0006  -0.0067   0.3450  -0.0079  -0.0007   5.2641 
 16.2000  -2.7357   2.6142  -2.7033   2.7763  -0.7799   0.6492  -0.3618   0.4804  -0.0006  -0.0016   0.3516  -0.0081  -0.0007   5.2993 
 16.3000  -2.9465   2.3467  -2.3993   2.2251  -0.7054   0.8284  -0.5124   0.7574  -0.0097   0.0084   0.3220  -0.0079   0.0005   5.3315 
 16.4000  -2.3507   2.6425  -2.2778   2.4075  -0.9928   0.6717  -0.6223   0.6985   0.0053   0.0039   0.3142  -0.0073   0.0003   5.3629 
 16.5000  -2.5696   2.6506  -2.6628   2.6547  -0.8915   0.6180  -0.4120   0.5652   0.0009  -0.0012   0.3421  -0.0073   0.0002   5.3971 
 16.6000  -2.8087   2.7033  -2.5453   2.6871  -0.7228   0.5444  -0.4562   0.5323   0.0005   0.0035   0.3488  -0.0070   0.0004   5.4320 
 16.7000  -3.0073   2.4196  -2.3993   2.3629  -0.5895   0.7487  -0.5592   0.6760  -0.0078   0.0083   0.3308  -0.0069   0.0015   5.4651 
 16.8000  -2.3264   2.5047  -2.4723   2.3467  -1.0032   0.6691  -0.4994   0.7089   0.0007   0.0002   0.3133  -0.0069   0.0015   5.4964 
 16.9000  -2.4318   2.4926  -2.7155   2.7033  -0.9686   0.6734  -0.3826   0.5280   0.0006  -0.0062   0.3358  -0.0073   0.0010   5.5300 
 17.0000  -2.6506   2.5453  -2.6263   2.7520  -0.8136   0.6163  -0.4051   0.4579   0.0003  -0.0023   0.3433  -0.0074   0.0008   5.5643 
 17.1000  -2.7479   2.2494  -2.2737   2.1764  -0.7600   0.7955  -0.6319   0.7963  -0.0074   0.0068   0.3067  -0.0075   0.0018   5.5950 
 17.2000  -2.4966   2.5047  -2.2656   2.4358  -0.8708   0.7028  -0.6111   0.7020   0.0022   0.0037   0.3150  -0.0071   0.0020   5.6265 
 17.3000  -2.3750   3.0316  -2.6304   2.5655  -0.9859   0.3904  -0.4276   0.6024   0.0074   0.0026   0.3442  -0.0064   0.0017   5.6609 
 17.4000  -2.7844   2.6628  -2.6304   2.7276  -0.7375   0.5895  -0.4172   0.4735  -0.0003   0.0011   0.3508  -0.0063   0.0018   5.6960 
 17.5000  -2.6020   2.3710  -2.2291   2.0954  -0.7894   0.7652  -0.6448   0.8136  -0.0046   0.0081   0.3019  -0.0062   0.0027   5.7262 
 17.6000  -2.3021   2.4804  -2.6425   2.2615  -0.9833   0.7357  -0.4986   0.7859  -0.0025  -0.0015   0.3145  -0.0065   0.0028   5.7577 
 17.7000  -2.4196   3.1289  -2.6749   2.5817  -0.9530   0.4285  -0.4414   0.6241   0.0077   0.0036   0.3508  -0.0057   0.0027   5.7927 
 17.8000  -2.8330   2.7479  -2.7601   2.7601  -0.6942   0.5730  -0.3774   0.5003  -0.0011   0.0008   0.3604  -0.0057   0.0028   5.8288 
 17.9000  -2.6385   2.3872  -2.5655   2.8006  -0.7565   0.7314  -0.4804   0.4527  -0.0002  -0.0043   0.3374  -0.0060   0.0024   5.8625 
 18.0000  -2.5412   2.3750  -2.7965   2.2737  -0.8491   0.8344  -0.3367   0.7799  -0.0086  -0.0019   0.3242  -0.0068   0.0026   5.8949 
 18.1000  -2.4480   3.0194  -2.6993   2.6425  -0.8768   0.4440  -0.3791   0.5756   0.0064   0.0016   0.3509  -0.0062   0.0025   5.9300 
 18.2000  -2.5453   2.5696  -2.7357   2.6668  -0.7903   0.6492  -0.3445   0.5453  -0.0006  -0.0036   0.3415  -0.0063   0.0022   5.9642 
 18.3000  -2.5290   2.2980  -2.4926   2.6871  -0.8050   0.8171  -0.4492   0.5064  -0.0005  -0.0044   0.3249  -0.0065   0.0018   5.9967 
 18.4000  -2.1562   1.8603  -2.7276   2.2615  -1.0318   1.1330  -0.3099   0.7678  -0.0095  -0.0122   0.2924  -0.0078   0.0009   6.0259 
 18.5000  -2.3386   2.4480  -2.7276   2.6385  -0.9842   0.8509  -0.3255   0.5583   0.0003  -0.0072   0.3296  -0.0079   0.0002   6.0589 
 18.6000  -2.5817   2.4966  -2.7398   2.7884  -0.8500   0.8015  -0.2978   0.4674  -0.0005  -0.0056   0.3444  -0.0081  -0.0004   6.0933 
 18.7000  -2.4723   2.4601  -2.5898   2.6142  -0.9088   0.8586  -0.3592   0.5652   0.0002  -0.0034   0.3291  -0.0082  -0.0007   6.1262 
 18.8000  -2.8330   2.5209  -2.6020   2.3021  -0.6881   0.8664  -0.3151   0.7574  -0.0076   0.0056   0.3331  -0.0088  -0.0000   6.1595 
 18.9000  -2.3953   2.7884  -2.3710   2.3710  -0.9608   0.6656  -0.5332   0.7314   0.0049   0.0055   0.3223  -0.0083   0.0005   6.1918 
 19.0000  -2.6182   2.7965  -2.4926   2.4561  -0.8413   0.6596  -0.4492   0.6899   0.0018   0.0058   0.3365  -0.0080   0.0010   6.2254 
 19.1000  -2.7033   2.7763  -2.6182   2.8127  -0.7911   0.6258  -0.4068   0.5064   0.0033   0.0006   0.3542  -0.0077   0.0011   6.2608 
 19.2000  -2.9911   2.3588  -2.5290   2.7763  -0.6007   0.8344  -0.4994   0.5228  -0.0048   0.0006   0.3459  -0.0082   0.0011   6.2954 
 19.3000  -2.3750   2.5898  -2.3588   2.3953  -0.9063   0.7046  -0.5747   0.7219   0.0031   0.0026   0.3156  -0.0079   0.0014   6.3270 
 19.4000  -2.5047   2.5817  -2.6749   2.6628  -0.8266   0.7002  -0.3748   0.5799   0.0008  -0.0031   0.3384  -0.0078   0.0011   6.3608 
 19.5000  -2.6263   2.6790  -2.4966   2.7601  -0.7669   0.6241  -0.4769   0.5055   0.0040   0.0006   0.3429  -0.0074   0.0012   6.3951 
 19.6000  -2.5290   2.2980  -2.5412   2.2615  -0.8422   0.8638  -0.4518   0.7903  -0.0064   0.0003   0.3127  -0.0080   0.0011   6.4264 
 19.7000  -2.3831   2.3750  -2.5898   2.4966  -0.9002   0.8370  -0.4510   0.6570  -0.0013  -0.0041   0.3196  -0.0081   0.0007   6.4583 
 19.8000  -2.4682   2.4561  -2.9668   2.8452  -0.8699   0.7626  -0.2363   0.4570  -0.0017  -0.0111   0.3486  -0.0081  -0.0004   6.4932 
 19.9000  -2.6668   2.6385  -2.7884   2.6790  -0.7522   0.6578  -0.2978   0.5358  -0.0017  -0.0020   0.3498  -0.0082  -0.0006   6.5282 
 20.0000  -2.4682   2.3588  -2.2859   2.1075  -0.7115   0.8258  -0.5886   0.8786  -0.0036   0.0054   0.2994  -0.0087  -0.0002   6.5581 
