2.94956279 1.26353443 -1.41040230 1.11575210 2.92999983 
2.94956279 1.26353443 -1.41040230 1.11575210 2.92999983 
2.94956279 1.26299071 -1.41032374 1.11557508 2.92999983 
2.94956279 1.26026201 -1.40906715 1.11389375 2.92999983 
2.94956279 1.25374722 -1.40353799 1.11170340 2.92999983 
2.94956279 1.24357724 -1.39304507 1.11157072 2.92999983 
2.94957280 1.23221922 -1.38016450 1.10971224 2.92999983 
2.94957280 1.22059941 -1.36646712 1.10951316 2.92999983 
2.94957280 1.20947289 -1.35325670 1.10860610 2.92999983 
2.94957280 1.19950438 -1.34136581 1.10783172 2.92999983 
2.94958305 1.19023061 -1.33054304 1.10701323 2.92999983 
2.94958305 1.18134964 -1.32048988 1.10699105 2.92999983 
2.94958305 1.17319357 -1.31108081 1.10679197 2.92999983 
2.94958305 1.16482604 -1.30198598 1.10643792 2.92999983 
2.94959307 1.15646863 -1.29270256 1.10595119 2.92999983 
2.94959307 1.14840317 -1.28387463 1.10577428 2.92999983 
2.94959307 1.14001548 -1.27487397 1.10577428 2.92999983 
2.94959307 1.13147676 -1.26593614 1.10581851 2.92999983 
2.94959307 1.12297845 -1.25735962 1.10586274 2.92999983 
2.94959307 1.11428869 -1.24886167 1.10599554 2.92999983 
2.94959307 1.10566938 -1.24056780 1.10621667 2.92999983 
2.94959307 1.09717107 -1.23230541 1.10657072 2.92999983 
2.94959307 1.08846116 -1.22390163 1.10696888 2.92999983 
2.94960308 1.07992244 -1.21604764 1.10772109 2.92999983 
2.94960308 1.07109177 -1.20795810 1.10893798 2.92999983 
2.94960308 1.06268394 -1.20010412 1.10900438 2.92999983 
2.94960308 1.05464876 -1.19264281 1.10924768 2.92999983 
2.94960308 1.04654300 -1.18511868 1.11030960 2.92999983 
2.94960308 1.03800440 -1.17748463 1.11119461 2.92999983 
2.94960308 1.02965701 -1.17032182 1.11376095 2.92999983 
2.94960308 1.02117872 -1.16264057 1.11369455 2.92999983 
2.94960308 1.01271057 -1.15533638 1.11440253 2.92999983 
2.94960308 1.00427258 -1.14834630 1.11761057 2.92999983 
2.94960308 0.99586475 -1.14108932 1.11754417 2.92999983 
2.94960308 0.98715484 -1.13416207 1.11778748 2.92999983 
2.94960308 0.97886789 -1.12740767 1.11913705 2.92999983 
2.94960308 0.97028893 -1.12068462 1.12358403 2.92999983 
2.94960308 0.96220338 -1.11394596 1.12373888 2.92999983 
2.94960308 0.95390636 -1.10727000 1.12400436 2.92999983 
2.94960308 0.94571000 -1.10090828 1.12632740 2.92999983 
2.94960308 0.93766469 -1.09476650 1.13110614 2.92999983 
2.94960308 0.92982078 -1.08827913 1.13119459 2.92999983 
2.94960308 0.92153382 -1.08205879 1.13130522 2.92999983 
2.94960308 0.91300523 -1.07608974 1.13303089 2.92999983 
2.94960308 0.90446651 -1.07023060 1.13716805 2.92999983 
2.94960308 0.89612925 -1.06418312 1.14254415 2.92999983 
2.94960308 0.88806379 -1.05794704 1.14146006 2.92999983 
2.94960308 0.87987751 -1.05257487 1.14146006 2.92999983 
2.94960308 0.87156039 -1.04696715 1.14216805 2.92999983 
2.94960308 0.86322308 -1.04148507 1.14477861 2.92999983 
2.94960308 0.85486561 -1.03589308 1.15086269 2.92999983 
2.94960308 0.84709221 -1.03055239 1.15756631 2.92999983 
2.94960308 0.83921808 -1.02488172 1.15867245 2.92999983 
2.94960308 0.83118284 -1.01991808 1.16006625 2.92999983 
2.94960308 0.82258373 -1.01501715 1.16606188 2.92999983 
2.94960308 0.81466937 -1.00961363 1.17017686 2.92999983 
2.94960308 0.80697650 -1.00455570 1.16991138 2.92999983 
2.94960308 0.79872978 -0.99987471 1.17002201 2.92999983 
2.94960308 0.79015082 -0.99505234 1.17258835 2.92999983 
2.94960308 0.78201491 -0.99074835 1.17907071 2.92999983 
2.94960308 0.77390921 -0.98576891 1.18637156 2.92999983 
2.94960308 0.76613575 -0.98102516 1.18831849 2.92999983 
2.94960308 0.75793946 -0.97678399 1.19039810 2.92999983 
2.94960308 0.74978340 -0.97251141 1.19608402 2.92999983 
2.94960308 0.74178845 -0.96827024 1.20203531 2.92999983 
2.94960308 0.73402506 -0.96382493 1.20075214 2.92999983 
2.94960308 0.72596973 -0.96010214 1.20072997 2.92999983 
2.94960308 0.71778345 -0.95604950 1.20103967 2.92999983 
2.94960308 0.70968777 -0.95229524 1.20349550 2.92999983 
2.94960308 0.70136058 -0.94825834 1.21106184 2.92999983 
2.94960308 0.69353676 -0.94451982 1.22101760 2.92999983 
2.94960308 0.68579358 -0.94057715 1.22971225 2.92999983 
2.94960308 0.67818123 -0.93716848 1.23387158 2.92999983 
2.94960308 0.67019635 -0.93352425 1.23776543 2.92999983 
2.94960308 0.66244310 -0.93064970 1.24376094 2.92999983 
2.94960308 0.65458912 -0.92700547 1.24336278 2.92999983 
2.94960308 0.64645320 -0.92350256 1.24334061 2.92999983 
2.94960308 0.63860929 -0.92116207 1.24387157 2.92999983 
2.94960308 0.63039279 -0.91767490 1.24924767 2.92999983 
2.94961309 0.62249851 -0.91472185 1.25986719 2.92999983 
2.94961309 0.61476541 -0.91153312 1.27004409 2.92999983 
2.94960308 0.60722357 -0.90868998 1.27798665 2.92999983 
2.94961309 0.59974211 -0.90584683 1.27415919 2.92999983 
2.94960308 0.59180760 -0.90443313 1.27126098 2.92999983 
2.94961309 0.58356088 -0.90165281 1.27101755 2.92999983 
2.94960308 0.57620031 -0.89869970 1.27192461 2.92999983 
2.94960308 0.56816506 -0.89588797 1.27659285 2.92999983 
2.94960308 0.56043196 -0.89453709 1.28796446 2.92999983 
2.94960308 0.55249739 -0.89203954 1.30261052 2.92999983 
2.94960308 0.54501599 -0.88935345 1.31579638 2.92999983 
2.94960308 0.53773594 -0.88825393 1.32537603 2.92999983 
2.94960308 0.53010350 -0.88566208 1.32672560 2.92999983 
2.94960308 0.52248108 -0.88362008 1.32699108 2.92999983 
2.94960308 0.51463717 -0.88241053 1.32980072 2.92999983 
2.94960308 0.50685370 -0.88005435 1.33676982 2.92999983 
2.94960308 0.49945283 -0.87922186 1.34738922 2.92999983 
2.94960308 0.49187070 -0.87733686 1.35679197 2.92999983 
2.94960308 0.48461080 -0.87554616 1.36486709 2.92999983 
2.94960308 0.47723007 -0.87546760 1.37214589 2.92999983 
2.94960308 0.46969831 -0.87408531 1.37522113 2.92999983 
2.94960308 0.46216655 -0.87149352 1.37690258 2.92999983 
2.94960308 0.45474553 -0.87152493 1.38311934 2.92999983 
2.94960308 0.44732454 -0.87106937 1.39188039 2.92999983 
2.94960308 0.43997401 -0.86973423 1.40068567 2.92999983 
2.94960308 0.43258321 -0.86794353 1.40880513 2.92999983 
2.94960308 0.42558512 -0.86786497 1.41615033 2.92999983 
2.94960308 0.41824466 -0.86714238 1.42230082 2.92999983 
2.94960308 0.41111568 -0.86596429 1.42805302 2.92999983 
2.94960308 0.40415785 -0.86588579 1.43486714 2.92999983 
2.94960308 0.39805591 -0.86538309 1.44033170 2.92999983 
2.94960308 0.38944674 -0.86495900 1.44772112 2.92999983 
2.94960308 0.38220698 -0.86488044 1.45471227 2.92999983 
2.94960308 0.37515852 -0.86477047 1.46126091 2.92999983 
2.94960308 0.36817050 -0.86462915 1.46818566 2.92999983 
2.94960308 0.36147448 -0.86458200 1.47522116 2.92999983 
2.94960308 0.35456699 -0.86458200 1.48214591 2.92999983 
2.94960308 0.34764946 -0.86459774 1.48929191 2.92999983 
2.94960308 0.34053051 -0.86461341 1.49628305 2.92999983 
2.94960308 0.33374387 -0.86464483 1.50318575 2.92999983 
2.94960308 0.32682633 -0.86472338 1.51044238 2.92999983 
2.94960308 0.32027128 -0.86480194 1.51756620 2.92999983 
2.94960308 0.31368601 -0.86492759 1.52497780 2.92999983 
2.94960308 0.30726185 -0.86511606 1.53221226 2.92999983 
2.94960308 0.30049536 -0.86549306 1.53949106 2.92999983 
2.94960308 0.29383960 -0.86635703 1.54683614 2.92999983 
2.94960308 0.28705296 -0.86750370 1.55444682 2.92999983 
2.94960308 0.28057846 -0.87009549 1.56199098 2.92999983 
2.94960308 0.27380189 -0.87251455 1.56938040 2.92999983 
2.94960308 0.26731732 -0.87397540 1.57665920 2.92999983 
2.94960308 0.26098379 -0.87457228 1.58402646 2.92999983 
2.94960308 0.25502282 -0.87639439 1.59201312 2.92999983 
2.94960308 0.24912226 -0.87849927 1.59988928 2.92999983 
2.94960308 0.24269810 -0.87851495 1.60749984 2.92999983 
2.94960308 0.23654582 -0.87934750 1.61553085 2.92999983 
2.94960308 0.23059492 -0.88214350 1.62369454 2.92999983 
2.94960308 0.22428152 -0.88539505 1.63143790 2.92999983 
2.94960308 0.21741432 -0.88555211 1.63851762 2.92999983 
2.94960308 0.21147349 -0.88627470 1.64659274 2.92999983 
2.94960308 0.20624757 -0.88910216 1.65484500 2.92999983 
2.94960308 0.20108207 -0.89284062 1.66265476 2.92999983 
2.94960308 0.19544332 -0.89580941 1.67070782 2.92999983 
2.94960308 0.18892853 -0.89584082 1.67847335 2.92999983 
2.94960308 0.18285680 -0.89629638 1.68652642 2.92999983 
2.94960308 0.17659375 -0.89987779 1.69564140 2.92999983 
2.94960308 0.17165984 -0.90487295 1.70331848 2.92999983 
2.94960308 0.16635337 -0.90848577 1.71095121 2.92999983 
2.94960308 0.16057365 -0.90842295 1.71873879 2.92999983 
2.94960308 0.15566994 -0.90864283 1.72738922 2.92999983 
2.94960308 0.15051451 -0.91106188 1.73648214 2.92999983 
2.94960308 0.14530873 -0.91666961 1.74522114 2.92999983 
2.94960308 0.13927728 -0.92263865 1.75285387 2.92999983 
2.94960308 0.13368887 -0.92417800 1.75893795 2.92999983 
2.94960308 0.13140315 -0.92378533 1.76106179 2.92999983 
2.94960308 0.13165489 -0.92298424 1.75942469 2.92999983 
2.94960308 0.13379963 -0.91988975 1.75157070 2.92999983 
2.94960308 0.13983108 -0.91513026 1.73566353 2.92999983 
2.94960308 0.14939682 -0.90999371 1.71836269 2.92999983 
2.94960308 0.15964729 -0.90518707 1.70316362 2.92999983 
2.94961309 0.16950503 -0.90118158 1.69108391 2.92999983 
2.94960308 0.17887947 -0.89854264 1.68292022 2.92999983 
2.94960308 0.18668310 -0.89607650 1.67670345 2.92999983 
2.94960308 0.19347982 -0.89362603 1.66893792 2.92999983 
2.94960308 0.19931996 -0.89174110 1.66130519 2.92999983 
2.94960308 0.20487817 -0.88982469 1.65307510 2.92999983 
2.94960308 0.21007387 -0.88685590 1.64466798 2.92999983 
2.94960308 0.21607512 -0.88677734 1.63732290 2.92999983 
2.94960308 0.22187498 -0.88629043 1.62904859 2.92999983 
2.94960308 0.22769499 -0.88358861 1.62059724 2.92999983 
2.94960308 0.23387748 -0.87980300 1.61278749 2.92999983 
2.94960308 0.24042246 -0.87886053 1.60623884 2.92999983 
2.94960308 0.24666537 -0.87754107 1.59814143 2.92999983 
2.94960308 0.25262633 -0.87542051 1.59006619 2.92999983 
2.94960308 0.25896993 -0.87499636 1.58252203 2.92999983 
2.94960308 0.26486042 -0.87264019 1.57442462 2.92999983 
2.94960308 0.27133492 -0.87259305 1.56789815 2.92999983 
2.94960308 0.27785978 -0.87130499 1.55969012 2.92999983 
2.94960308 0.28435442 -0.86953002 1.55230081 2.92999983 
2.94960308 0.29095981 -0.86942005 1.54517686 2.92999983 
2.94960308 0.29747459 -0.86783355 1.53690255 2.92999983 
2.94960308 0.30398938 -0.86777073 1.52999985 2.92999983 
2.94960308 0.31050414 -0.86689109 1.52243352 2.92999983 
2.94960308 0.31730086 -0.86588579 1.51504409 2.92999983 
2.94960308 0.32377535 -0.86574441 1.50847328 2.92999983 
2.94960308 0.33067277 -0.86516321 1.50095117 2.92999983 
2.94960308 0.33758023 -0.86500615 1.49384940 2.92999983 
2.94960308 0.34435681 -0.86483335 1.48668134 2.92999983 
2.94960308 0.35135493 -0.86462915 1.47944677 2.92999983 
2.94960308 0.35802072 -0.86448777 1.47241139 2.92999983 
2.94960308 0.36495841 -0.86448777 1.46548665 2.92999983 
2.94960308 0.37181553 -0.86448777 1.45853972 2.92999983 
2.94960308 0.37877336 -0.86450344 1.45174766 2.92999983 
2.94960308 0.38556001 -0.86451918 1.44517684 2.92999983 
2.94960308 0.39262861 -0.86455059 1.43809724 2.92999983 
2.94960308 0.39956629 -0.86461341 1.43176985 2.92999983 
2.94960308 0.40663487 -0.86470765 1.42495561 2.92999983 
2.94960308 0.41411629 -0.86481762 1.41825211 2.92999983 
2.94960308 0.42125535 -0.86502182 1.41205740 2.92999983 
2.94960308 0.42860588 -0.86525744 1.40519905 2.92999983 
2.94960308 0.43579528 -0.86612141 1.39929187 2.92999983 
2.94961309 0.44323644 -0.86704814 1.39238930 2.92999983 
2.94960308 0.45056683 -0.86951429 1.38657069 2.92999983 
2.94960308 0.45792741 -0.87218463 1.37986720 2.92999983 
2.94960308 0.46512690 -0.87384969 1.37338483 2.92999983 
2.94960308 0.47217533 -0.87468225 1.36765480 2.92999983 
2.94960308 0.47965676 -0.87670857 1.36163700 2.92999983 
2.94960308 0.48722881 -0.87842071 1.35590696 2.92999983 
2.94960308 0.49434772 -0.87969309 1.34913707 2.92999983 
2.94960308 0.50158751 -0.88142097 1.34371674 2.92999983 
2.94960308 0.50926024 -0.88303888 1.33738923 2.92999983 
2.94960308 0.51699340 -0.88542646 1.33256626 2.92999983 
2.94961309 0.52468628 -0.88616472 1.32630515 2.92999983 
2.94960308 0.53220797 -0.88781410 1.32141578 2.92999983 
2.94960308 0.53998137 -0.89040589 1.31515479 2.92999983 
2.94960308 0.54755342 -0.89353180 1.30964589 2.92999983 
2.94960308 0.55511540 -0.89510256 1.30360603 2.92999983 
2.94960308 0.56290895 -0.89731741 1.29942465 2.92999983 
2.94960308 0.57077301 -0.90003490 1.29349542 2.92999983 
2.94960308 0.57838535 -0.90319216 1.28865027 2.92999983 
2.94960308 0.58575600 -0.90410322 1.28234506 2.92999983 
2.94960308 0.59319711 -0.90650654 1.27951312 2.92999983 
2.94960308 0.60105109 -0.91059065 1.27380526 2.92999983 
2.94960308 0.60865337 -0.91431344 1.26774323 2.92999983 
2.94960308 0.61619520 -0.91458046 1.26179194 2.92999983 
2.94960308 0.62417001 -0.91522449 1.26183617 2.92999983 
2.94960308 0.63235629 -0.91825610 1.26183617 2.92999983 
2.94960308 0.64021027 -0.92364395 1.26110613 2.92999983 
2.94960308 0.64813471 -0.92906320 1.25584066 2.92999983 
2.94960308 0.65587795 -0.93310016 1.24544239 2.92999983 
2.94960308 0.66335934 -0.93374419 1.23466802 2.92999983 
2.94960308 0.67101198 -0.93437248 1.23086274 2.92999983 
2.94960308 0.67920828 -0.93687004 1.22785389 2.92999983 
2.94960308 0.68811953 -0.94310611 1.22334063 2.92999983 
2.94960308 0.69553047 -0.94978201 1.21745563 2.92999983 
2.94960308 0.70226681 -0.95553112 1.21477866 2.92999983 
2.94960308 0.70938569 -0.95548397 1.20973444 2.92999983 
2.94960308 0.71769279 -0.95549971 1.20515478 2.92999983 
2.94960308 0.72646308 -0.95576674 1.20484507 2.92999983 
2.94960308 0.73594826 -0.95859414 1.20462382 2.92999983 
2.94960308 0.74352032 -0.96520722 1.20121670 2.92999983 
2.94960308 0.75093126 -0.97420788 1.19221234 2.92999983 
2.94960308 0.75824153 -0.98283154 1.18559730 2.92999983 
2.94960308 0.76558197 -0.98961741 1.18776536 2.92999983 
2.94960308 0.77395952 -0.98949170 1.18780959 2.92999983 
2.94960308 0.78346485 -0.98949170 1.18738925 2.92999983 
2.94960308 0.79126853 -0.98966449 1.18522120 2.92999983 
2.94960308 0.79904193 -0.99184793 1.17862821 2.92999983 
2.94960308 0.80691606 -0.99868089 1.17017686 2.92999983 
2.94960308 0.81432700 -1.00837266 1.16265476 2.92999983 
2.94960308 0.82228166 -1.01944685 1.16542029 2.92999983 
2.94960308 0.83120298 -1.02739501 1.16734505 2.92999983 
2.94960308 0.83955038 -1.03272009 1.16827428 2.92999983 
2.94960308 0.84780711 -1.03721249 1.16754413 2.92999983 
2.94960308 0.85563087 -1.04148507 1.16205740 2.92999983 
2.94960308 0.86360568 -1.04702997 1.15342915 2.92999983 
2.94960308 0.87158048 -1.05331314 1.14497781 2.92999983 
2.94960308 0.87994802 -1.06024039 1.14154863 2.92999983 
2.94960308 0.88813430 -1.06594241 1.14157069 2.92999983 
2.94960308 0.89621985 -1.07118881 1.14090693 2.92999983 
2.94960308 0.90467799 -1.07670236 1.13787603 2.92999983 
2.94960308 0.91233057 -1.08223152 1.13418126 2.92999983 
2.94960308 0.92124182 -1.08919013 1.13042021 2.92999983 
2.94960308 0.92917639 -1.09563041 1.13046455 2.92999983 
2.94960308 0.93786609 -1.10211778 1.12953532 2.92999983 
2.94960308 0.94593155 -1.10805547 1.12634945 2.92999983 
2.94960308 0.95422858 -1.11436999 1.12305295 2.92999983 
2.94960308 0.96213287 -1.12103021 1.12300873 2.92999983 
2.94961309 0.97081256 -1.12775326 1.12134945 2.92999983 
2.94960308 0.97898877 -1.13453901 1.11809731 2.92999983 
2.94960308 0.98713475 -1.14151335 1.11829638 2.92999983 
2.94960308 0.99577409 -1.14842486 1.11807513 2.92999983 
2.94960308 1.00407112 -1.15497518 1.11719012 2.92999983 
2.94960308 1.01240849 -1.16201234 1.11546445 2.92999983 
2.94960308 1.02073562 -1.16917515 1.11210167 2.92999983 
2.94960308 1.02909315 -1.17706048 1.11181402 2.92999983 
2.94960308 1.03744054 -1.18420768 1.11002207 2.92999983 
2.94960308 1.04583824 -1.19192028 1.10997784 2.92999983 
2.94960308 1.05441713 -1.19958580 1.10920346 2.92999983 
2.94960308 1.06267393 -1.20723557 1.10825217 2.92999983 
2.94960308 1.07122266 -1.21499527 1.10725653 2.92999983 
2.94960308 1.07961035 -1.22272360 1.10712385 2.92999983 
2.94960308 1.08794761 -1.23049903 1.10670340 2.92999983 
2.94961309 1.09654677 -1.23863578 1.10637164 2.92999983 
2.94960308 1.10478330 -1.24666250 1.10608399 2.92999983 
2.94961309 1.11350334 -1.25514483 1.10584056 2.92999983 
2.94960308 1.12208223 -1.26340723 1.10579634 2.92999983 
2.94960308 1.13066125 -1.27165389 1.10577428 2.92999983 
2.94960308 1.13919985 -1.28010476 1.10584056 2.92999983 
2.94961309 1.14787960 -1.28908968 1.10588491 2.92999983 
2.94960308 1.15639806 -1.29766631 1.10601759 2.92999983 
2.94960308 1.16507781 -1.30646276 1.10637164 2.92999983 
2.94960308 1.17369699 -1.31552625 1.10668135 2.92999983 
2.94960308 1.18235648 -1.32488811 1.10714591 2.92999983 
2.94960308 1.19097579 -1.33457994 1.10882735 2.92999983 
2.94960308 1.19952452 -1.34364343 1.10867250 2.92999983 
2.94960308 1.20845592 -1.35324109 1.10896003 2.92999983 
2.94960308 1.21743762 -1.36282289 1.10995567 2.92999983 
2.94960308 1.22635901 -1.37265611 1.11070788 2.92999983 
2.94960308 1.23547161 -1.38258350 1.11214590 2.92999983 
2.94960308 1.24449360 -1.39247954 1.11462379 2.92999983 
2.94960308 1.25329411 -1.40195143 1.11464596 2.92999983 
2.94960308 1.26216507 -1.41247582 1.11663711 2.92999983 
