0.1290215664 1.1550145969 -0.7132398365 
0.1200022437 1.1654230248 -0.7146289417 
0.1110386396 1.1756220367 -0.7158643496 
0.1021095825 1.1856866169 -0.7169998725 
0.0932138139 1.1956190395 -0.7180365265 
0.0843499954 1.2054218434 -0.7189755120 
0.0755168526 1.2150974347 -0.7198179605 
0.0667131708 1.2246480971 -0.7205649411 
0.0579377916 1.2340759991 -0.7212174639 
0.0491896103 1.2433832007 -0.7217764842 
0.0404675727 1.2525716594 -0.7222429054 
0.0317706730 1.2616432361 -0.7226175823 
0.0230979511 1.2705997002 -0.7229013245 
0.0144484908 1.2794427344 -0.7230948983 
0.0058214172 1.2881739398 -0.7231990302 
-0.0027841042 1.2967948395 -0.7232144084 
-0.0113688703 1.3053068831 -0.7231416860 
-0.0199336411 1.3137114502 -0.7229814823 
-0.0284791417 1.3220098537 -0.7227343852 
-0.0370060636 1.3302033436 -0.7224009532 
-0.0455150657 1.3382931093 -0.7219817168 
-0.0540067757 1.3462802830 -0.7214771805 
-0.0624817914 1.3541659425 -0.7208878243 
-0.0709406813 1.3619511132 -0.7202141051 
-0.0793839859 1.3696367709 -0.7194564582 
-0.0878122183 1.3772238437 -0.7186152986 
-0.0962258653 1.3847132147 -0.7176910226 
-0.1046253880 1.3921057235 -0.7166840086 
-0.1130112227 1.3994021680 -0.7155946185 
-0.1213837812 1.4066033066 -0.7144231986 
-0.1297434519 1.4137098599 -0.7131700812 
-0.1380906001 1.4207225119 -0.7118355851 
-0.1464255684 1.4276419118 -0.7104200166 
-0.1547486776 1.4344686753 -0.7089236709 
-0.1630602271 1.4412033864 -0.7073468325 
-0.1713604948 1.4478465981 -0.7056897765 
-0.1796497384 1.4543988342 -0.7039527690 
-0.1879281951 1.4608605900 -0.7021360681 
-0.1961960820 1.4672323339 -0.7002399251 
-0.2044535970 1.4735145082 -0.6982645844 
-0.2127009184 1.4797075302 -0.6962102850 
-0.2209382058 1.4858117933 -0.6940772608 
-0.2291655998 1.4918276679 -0.6918657413 
-0.2373832230 1.4977555023 -0.6895759526 
-0.2455911793 1.5035956235 -0.6872081174 
-0.2537895550 1.5093483381 -0.6847624563 
-0.2619784186 1.5150139335 -0.6822391881 
-0.2701578210 1.5205926779 -0.6796385301 
-0.2783277958 1.5260848217 -0.6769606991 
-0.2864883594 1.5314905981 -0.6742059119 
-0.2946395114 1.5368102237 -0.6713743856 
-0.3027812343 1.5420438992 -0.6684663381 
-0.3109134942 1.5471918099 -0.6654819889 
-0.3190362406 1.5522541269 -0.6624215595 
-0.3271494067 1.5572310069 -0.6592852735 
-0.3352529094 1.5621225937 -0.6560733575 
-0.3433466498 1.5669290179 -0.6527860414 
-0.3514305128 1.5716503982 -0.6494235586 
-0.3595043677 1.5762868414 -0.6459861469 
-0.3675680681 1.5808384433 -0.6424740484 
-0.3756214522 1.5853052891 -0.6388875101 
-0.3836643426 1.5896874537 -0.6352267843 
-0.3916965468 1.5939850026 -0.6314921290 
-0.3997178574 1.5981979922 -0.6276838080 
-0.4077280517 1.6023264699 -0.6238020914 
-0.4157268924 1.6063704752 -0.6198472560 
-0.4237141274 1.6103300397 -0.6158195855 
-0.4316894903 1.6142051877 -0.6117193706 
-0.4396527000 1.6179959365 -0.6075469097 
-0.4476034614 1.6217022969 -0.6033025087 
-0.4555414653 1.6253242738 -0.5989864817 
-0.4634663885 1.6288618660 -0.5945991507 
-0.4713778941 1.6323150673 -0.5901408464 
-0.4792756318 1.6356838664 -0.5856119078 
-0.4871592377 1.6389682475 -0.5810126829 
-0.4950283349 1.6421681904 -0.5763435287 
-0.5028825333 1.6452836711 -0.5716048110 
-0.5107214301 1.6483146622 -0.5667969053 
-0.5185446099 1.6512611328 -0.5619201960 
-0.5263516450 1.6541230492 -0.5569750774 
-0.5341420953 1.6569003753 -0.5519619532 
-0.5419155091 1.6595930724 -0.5468812366 
-0.5496714226 1.6622011002 -0.5417333507 
-0.5574093610 1.6647244163 -0.5365187284 
-0.5651288380 1.6671629771 -0.5312378123 
-0.5728293563 1.6695167378 -0.5258910547 
-0.5805104082 1.6717856529 -0.5204789180 
-0.5881714753 1.6739696761 -0.5150018739 
-0.5958120294 1.6760687606 -0.5094604044 
-0.6034315322 1.6780828597 -0.5038550007 
-0.6110294360 1.6800119268 -0.4981861640 
-0.6186051838 1.6818559154 -0.4924544048 
-0.6261582098 1.6836147797 -0.4866602431 
-0.6336879395 1.6852884745 -0.4808042082 
-0.6411937902 1.6868769557 -0.4748868387 
-0.6486751712 1.6883801802 -0.4689086822 
-0.6561314844 1.6897981062 -0.4628702950 
-0.6635621242 1.6911306933 -0.4567722424 
-0.6709664782 1.6923779029 -0.4506150979 
-0.6783439277 1.6935396980 -0.4443994436 
-0.6856938474 1.6946160436 -0.4381258694 
-0.6930156066 1.6956069067 -0.4317949734 
-0.7003085689 1.6965122565 -0.4254073608 
-0.7075720930 1.6973320644 -0.4189636446 
-0.7148055328 1.6980663043 -0.4124644446 
-0.7220082382 1.6987149524 -0.4059103875 
-0.7291795548 1.6992779878 -0.3993021062 
-0.7363188250 1.6997553918 -0.3926402401 
-0.7434253879 1.7001471488 -0.3859254341 
-0.7504985800 1.7004532456 -0.3791583388 
-0.7575377354 1.7006736721 -0.3723396099 
-0.7645421863 1.7008084209 -0.3654699078 
-0.7715112632 1.7008574873 -0.3585498973 
-0.7784442957 1.7008208699 -0.3515802474 
-0.7853406124 1.7006985698 -0.3445616306 
-0.7921995416 1.7004905911 -0.3374947227 
-0.7990204116 1.7001969407 -0.3303802023 
-0.8058025512 1.6998176287 -0.3232187507 
-0.8125452897 1.6993526674 -0.3160110509 
-0.8192479578 1.6988020724 -0.3087577877 
-0.8259098877 1.6981658616 -0.3014596472 
-0.8325304132 1.6974440560 -0.2941173160 
-0.8391088705 1.6966366787 -0.2867314813 
-0.8456445986 1.6957437555 -0.2793028302 
-0.8521369390 1.6947653148 -0.2718320490 
-0.8585852368 1.6937013869 -0.2643198233 
-0.8649888406 1.6925520046 -0.2567668372 
-0.8713471027 1.6913172025 -0.2491737730 
-0.8776593800 1.6899970174 -0.2415413107 
-0.8839250336 1.6885914877 -0.2338701274 
-0.8901434295 1.6871006535 -0.2261608972 
-0.8963139390 1.6855245565 -0.2184142907 
-0.9024359386 1.6838632394 -0.2106309741 
-0.9085088102 1.6821167464 -0.2028116094 
-0.9145319421 1.6802851225 -0.1949568536 
-0.9205047281 1.6783684133 -0.1870673584 
-0.9264265689 1.6763666653 -0.1791437695 
-0.9322968714 1.6742799250 -0.1711867268 
-0.9381150493 1.6721082393 -0.1631968633 
-0.9438805232 1.6698516549 -0.1551748049 
-0.9495927209 1.6675102180 -0.1471211704 
-0.9552510773 1.6650839745 -0.1390365704 
-0.9608550349 1.6625729693 -0.1309216076 
-0.9664040435 1.6599772461 -0.1227768757 
-0.9718975607 1.6572968473 -0.1146029599 
-0.9773350516 1.6545318139 -0.1064004355 
-0.9827159895 1.6516821845 -0.0981698683 
-0.9880398551 1.6487479959 -0.0899118140 
-0.9933061375 1.6457292820 -0.0816268177 
-0.9985143336 1.6426260741 -0.0733154137 
-0.9933062561 1.6457294141 -0.0816268312 
-0.9880399746 1.6487481241 -0.0899118227 
-0.9827161100 1.6516823084 -0.0981698716 
-0.9773351731 1.6545319334 -0.1064004335 
-0.9718976831 1.6572969626 -0.1146029527 
-0.9664041669 1.6599773571 -0.1227768634 
-0.9608551591 1.6625730761 -0.1309215902 
-0.9552512024 1.6650840773 -0.1390365481 
-0.9495928467 1.6675103167 -0.1471211433 
-0.9438806497 1.6698517496 -0.1551747731 
-0.9381151764 1.6721083301 -0.1631968269 
-0.9322969991 1.6742800118 -0.1711866860 
-0.9264266971 1.6763667482 -0.1791437243 
-0.9205048567 1.6783684924 -0.1870673089 
-0.9145320710 1.6802851977 -0.1949568000 
-0.9085089394 1.6821168180 -0.2028115518 
-0.9024360679 1.6838633072 -0.2106309125 
-0.8963140685 1.6855246206 -0.2184142254 
-0.8901435590 1.6871007140 -0.2261608283 
-0.8839251629 1.6885915446 -0.2338700549 
-0.8776595091 1.6899970707 -0.2415412348 
-0.8713472316 1.6913172523 -0.2491736939 
-0.8649889690 1.6925520508 -0.2567667550 
-0.8585853648 1.6937014297 -0.2643197381 
-0.8521370664 1.6947653541 -0.2718319609 
-0.8456447253 1.6957437914 -0.2793027393 
-0.8391089964 1.6966367112 -0.2867313879 
-0.8325305381 1.6974440851 -0.2941172201 
-0.8259100116 1.6981658874 -0.3014595490 
-0.8192480807 1.6988020948 -0.3087576873 
-0.8125454113 1.6993526865 -0.3160109485 
-0.8058026714 1.6998176445 -0.3232186464 
-0.7990205303 1.7001969534 -0.3303800962 
-0.7921996587 1.7004906004 -0.3374946149 
-0.7853407278 1.7006985759 -0.3445615213 
-0.7784444093 1.7008208729 -0.3515801368 
-0.7715113749 1.7008574871 -0.3585497854 
-0.7645422959 1.7008084175 -0.3654697948 
-0.7575378429 1.7006736656 -0.3723394959 
-0.7504986852 1.7004532360 -0.3791582240 
-0.7434254907 1.7001471360 -0.3859253185 
-0.7363189252 1.6997553760 -0.3926401239 
-0.7291796524 1.6992779688 -0.3993019896 
-0.7220083331 1.6987149304 -0.4059102705 
-0.7148056249 1.6980662791 -0.4124643274 
-0.7075721820 1.6973320361 -0.4189635273 
-0.7003086549 1.6965122252 -0.4254072435 
-0.6930156894 1.6956068723 -0.4317948561 
-0.6856939270 1.6946160062 -0.4381257524 
-0.6783440039 1.6935396575 -0.4443993268 
-0.6709665510 1.6923778593 -0.4506149815 
-0.6635621933 1.6911306467 -0.4567721265 
-0.6561315499 1.6897980564 -0.4628701798 
-0.6486752329 1.6883801274 -0.4689085676 
-0.6411938480 1.6868768998 -0.4748867250 
-0.6336879934 1.6852884155 -0.4808040953 
-0.6261582597 1.6836147175 -0.4866601311 
-0.6186052296 1.6818558501 -0.4924542938 
-0.6110294776 1.6800118584 -0.4981860541 
-0.6034315695 1.6780827882 -0.5038548919 
-0.5958120623 1.6760686859 -0.5094602968 
-0.5881715038 1.6739695982 -0.5150017676 
-0.5805104322 1.6717855718 -0.5204788129 
-0.5728293757 1.6695166535 -0.5258909510 
-0.5651288527 1.6671628895 -0.5312377100 
-0.5574093710 1.6647243254 -0.5365186275 
-0.5496714279 1.6622010059 -0.5417332513 
-0.5419155095 1.6595929749 -0.5468811386 
-0.5341420908 1.6569002743 -0.5519618567 
-0.5263516355 1.6541229448 -0.5569749825 
-0.5185445954 1.6512610249 -0.5619201026 
-0.5107214105 1.6483145508 -0.5667968134 
-0.5028825086 1.6452835561 -0.5716047207 
-0.4950283051 1.6421680718 -0.5763434399 
-0.4871592027 1.6389681252 -0.5810125957 
-0.4792755915 1.6356837404 -0.5856118221 
-0.4713778485 1.6323149375 -0.5901407622 
-0.4634663375 1.6288617324 -0.5945990680 
-0.4555414089 1.6253241362 -0.5989864005 
-0.4476033997 1.6217021554 -0.6033024290 
-0.4396526328 1.6179957909 -0.6075468313 
-0.4316894176 1.6142050380 -0.6117192936 
-0.4237140492 1.6103298858 -0.6158195098 
-0.4157268086 1.6063703170 -0.6198471816 
-0.4077279623 1.6023263073 -0.6238020182 
-0.3997177624 1.5981978250 -0.6276837359 
-0.3916964461 1.5939848309 -0.6314920580 
-0.3836642362 1.5896872773 -0.6352267143 
-0.3756213400 1.5853051078 -0.6388874410 
-0.3675679502 1.5808382572 -0.6424739802 
-0.3595042440 1.5762866502 -0.6459860794 
-0.3514303832 1.5716502018 -0.6494234918 
-0.3433465143 1.5669288163 -0.6527859752 
-0.3352527680 1.5621223866 -0.6560732918 
-0.3271492593 1.5572307943 -0.6592852082 
-0.3190360872 1.5522539085 -0.6624214944 
-0.3109133348 1.5471915856 -0.6654819240 
-0.3027810688 1.5420436688 -0.6684662732 
-0.2946393397 1.5368099871 -0.6713743206 
-0.2864881816 1.5314903551 -0.6742058467 
-0.2783276117 1.5260845721 -0.6769606336 
-0.2701576306 1.5205924214 -0.6796384640 
-0.2619782218 1.5150136700 -0.6822391214 
-0.2537893517 1.5093480674 -0.6847623888 
-0.2455909695 1.5035953452 -0.6872080489 
-0.2373830066 1.4977552163 -0.6895758829 
-0.2291653768 1.4918273740 -0.6918656704 
-0.2209379760 1.4858114911 -0.6940771883 
-0.2127006817 1.4797072194 -0.6962102109 
-0.2044533533 1.4735141885 -0.6982645084 
-0.1961958313 1.4672320051 -0.7002398470 
-0.1879279372 1.4608602517 -0.7021359877 
-0.1796494732 1.4543984860 -0.7039526860 
-0.1713602222 1.4478462398 -0.7056896908 
-0.1630599468 1.4412030174 -0.7073467439 
-0.1547483896 1.4344682953 -0.7089235789 
-0.1464252724 1.4276415203 -0.7104199211 
-0.1380902960 1.4207221086 -0.7118354858 
-0.1297431396 1.4137094442 -0.7131699778 
-0.1213834605 1.4066028781 -0.7144230908 
-0.1130108932 1.3994017260 -0.7155945059 
-0.1046250496 1.3921052675 -0.7166838910 
-0.0962255177 1.3847127442 -0.7176908997 
-0.0878118613 1.3772233579 -0.7186151699 
-0.0793836191 1.3696362692 -0.7194563232 
-0.0709403045 1.3619505949 -0.7202139636 
-0.0624814042 1.3541654069 -0.7208876758 
-0.0540063778 1.3462797292 -0.7214770246 
-0.0455146567 1.3382925364 -0.7219815529 
-0.0370056431 1.3302027507 -0.7224007808 
-0.0284787093 1.3220092400 -0.7227342038 
-0.0199331963 1.3137108145 -0.7229812914 
-0.0113684126 1.3053062243 -0.7231414849 
-0.0027836331 1.2967941565 -0.7232141965 
0.0058219024 1.2881732312 -0.7231988068 
0.0144489905 1.2794419990 -0.7230946627 
0.0230984662 1.2705989364 -0.7229010758 
0.0317712041 1.2616424426 -0.7226173198 
0.0404681206 1.2525708343 -0.7222426281 
0.0491901758 1.2433823423 -0.7217761913 
0.0579383756 1.2340751054 -0.7212171543 
0.0667137743 1.2246471661 -0.7205646136 
0.0755174767 1.2150964641 -0.7198176140 
0.0843506412 1.2054208308 -0.7189751452 
0.0932144826 1.1956179823 -0.7180361381 
0.1021102754 1.1856855122 -0.7169994609 
0.1110393575 1.1756208842 -0.7158639149 
0.1200031334 1.1654214231 -0.7146282298 
0.1290030792 1.1550843063 -0.7132910587 
0.1380407465 1.1446065531 -0.7118509728 
0.1471177676 1.1339850146 -0.7103064554 
