thethaIdeal,   xIdeal,   zIdeal ,  deltaThetta,   deltaX  ,  deltaZ, deltaf2, deltaf3, deltaf4
-1.00000  0.30000  0.45000  -0.00001 -0.00000 -0.00500 1.02954 -2.25863 1.22910
-1.00000  0.29867  0.45000  -0.00001 0.00133 -0.00500 1.03002 -2.26918 1.23917
-1.00000  0.29734  0.45000  -0.00065 0.00244 -0.00485 1.03094 -2.27965 1.24936
-1.00000  0.29601  0.45000  -0.00417 0.00264 -0.00413 1.03384 -2.29053 1.26086
-1.00000  0.29468  0.45000  -0.00931 0.00197 -0.00305 1.04021 -2.30399 1.27309
-1.00000  0.29336  0.45000  -0.01092 0.00138 -0.00253 1.05049 -2.32299 1.28342
-1.00000  0.29203  0.45000  -0.01185 0.00073 -0.00231 1.06239 -2.34534 1.29479
-1.00000  0.29070  0.45000  -0.01010 0.00066 -0.00259 1.07390 -2.36851 1.30471
-1.00000  0.28937  0.45000  -0.00830 0.00074 -0.00301 1.08465 -2.39174 1.31540
-1.00000  0.28804  0.45000  -0.00597 0.00107 -0.00356 1.09440 -2.41425 1.32583
-1.00000  0.28671  0.45000  -0.00432 0.00133 -0.00402 1.10352 -2.43574 1.33654
-1.00000  0.28538  0.45000  -0.00215 0.00184 -0.00449 1.11150 -2.45556 1.34621
-1.00000  0.28405  0.45000  -0.00048 0.00228 -0.00486 1.11910 -2.47453 1.35591
-1.00000  0.28272  0.45000  0.00025 0.00249 -0.00503 1.12682 -2.49287 1.36580
-1.00000  0.28140  0.45000  0.00058 0.00259 -0.00514 1.13460 -2.51104 1.37586
-1.00000  0.28007  0.45000  0.00114 0.00279 -0.00530 1.14195 -2.52876 1.38566
-1.00000  0.27874  0.45000  0.00183 0.00298 -0.00546 1.14947 -2.54645 1.39515
-1.00000  0.27741  0.45000  0.00231 0.00307 -0.00557 1.15718 -2.56405 1.40456
-1.00000  0.27608  0.45000  0.00243 0.00310 -0.00560 1.16467 -2.58104 1.41394
-1.00000  0.27475  0.45000  0.00233 0.00306 -0.00558 1.17223 -2.59777 1.42321
-1.00000  0.27342  0.45000  0.00222 0.00301 -0.00555 1.17968 -2.61422 1.43233
-1.00000  0.27209  0.45000  0.00237 0.00302 -0.00559 1.18704 -2.63071 1.44130
-1.00000  0.27076  0.45000  0.00256 0.00307 -0.00564 1.19415 -2.64695 1.45024
-1.00000  0.26944  0.45000  0.00267 0.00305 -0.00563 1.20137 -2.66277 1.45873
-1.00000  0.26811  0.45000  0.00304 0.00306 -0.00565 1.20863 -2.67849 1.46682
-1.00000  0.26678  0.45000  0.00259 0.00298 -0.00562 1.21550 -2.69411 1.47602
-1.00000  0.26545  0.45000  0.00242 0.00301 -0.00564 1.22194 -2.70931 1.48495
-1.00000  0.26412  0.45000  0.00283 0.00314 -0.00571 1.22829 -2.72422 1.49310
-1.00000  0.26279  0.45000  0.00273 0.00310 -0.00569 1.23501 -2.73914 1.50141
-1.00000  0.26146  0.45000  0.00423 0.00341 -0.00587 1.24126 -2.75354 1.50805
-1.00000  0.26013  0.45000  0.00340 0.00324 -0.00580 1.24781 -2.76835 1.51713
-1.00000  0.25880  0.45000  0.00301 0.00314 -0.00574 1.25430 -2.78266 1.52535
-1.00000  0.25748  0.45000  0.00495 0.00349 -0.00598 1.26054 -2.79674 1.53124
-1.00000  0.25615  0.45000  0.00319 0.00313 -0.00579 1.26697 -2.81102 1.54086
-1.00000  0.25482  0.45000  0.00169 0.00282 -0.00559 1.27317 -2.82460 1.54974
-1.00000  0.25349  0.45000  0.00102 0.00269 -0.00549 1.27915 -2.83795 1.55778
-1.00000  0.25216  0.45000  0.00252 0.00292 -0.00564 1.28524 -2.85125 1.56348
-1.00000  0.25083  0.45000  0.00465 0.00329 -0.00589 1.29117 -2.86443 1.56861
-1.00000  0.24950  0.45000  0.00298 0.00304 -0.00576 1.29662 -2.87763 1.57803
-1.00000  0.24817  0.45000  0.00159 0.00281 -0.00561 1.30214 -2.89045 1.58672
-1.00000  0.24684  0.45000  0.00138 0.00275 -0.00555 1.30779 -2.90284 1.59367
-1.00000  0.24551  0.45000  0.00470 0.00336 -0.00592 1.31316 -2.91494 1.59708
-1.00000  0.24419  0.45000  0.00394 0.00329 -0.00590 1.31824 -2.92749 1.60532
-1.00000  0.24286  0.45000  0.00312 0.00310 -0.00578 1.32375 -2.93947 1.61260
-1.00000  0.24153  0.45000  0.00476 0.00331 -0.00594 1.32947 -2.95143 1.61719
-1.00000  0.24020  0.45000  0.00563 0.00349 -0.00605 1.33454 -2.96310 1.62294
-1.00000  0.23887  0.45000  0.00313 0.00306 -0.00577 1.33948 -2.97469 1.63209
-1.00000  0.23754  0.45000  0.00064 0.00259 -0.00545 1.34446 -2.98577 1.64067
-1.00000  0.23621  0.45000  -0.00040 0.00237 -0.00531 1.34957 -2.99694 1.64777
-1.00000  0.23488  0.45000  0.00135 0.00260 -0.00546 1.35483 -3.00775 1.65158
-1.00000  0.23355  0.45000  0.00519 0.00331 -0.00593 1.35955 -3.01869 1.65395
-1.00000  0.23223  0.45000  0.00326 0.00307 -0.00580 1.36375 -3.02975 1.66274
-1.00000  0.23090  0.45000  0.00025 0.00251 -0.00543 1.36838 -3.04006 1.67142
-1.00000  0.22957  0.45000  -0.00214 0.00206 -0.00511 1.37293 -3.05008 1.67928
-1.00000  0.22824  0.45000  -0.00038 0.00232 -0.00529 1.37771 -3.06015 1.68281
-1.00000  0.22691  0.45000  0.00394 0.00314 -0.00583 1.38196 -3.07026 1.68436
-1.00000  0.22558  0.45000  0.00689 0.00372 -0.00620 1.38607 -3.08012 1.68716
-1.00000  0.22425  0.45000  0.00280 0.00301 -0.00578 1.39018 -3.09014 1.69716
-1.00000  0.22292  0.45000  -0.00105 0.00225 -0.00527 1.39459 -3.09926 1.70572
-1.00000  0.22159  0.45000  -0.00409 0.00167 -0.00488 1.39870 -3.10828 1.71366
-1.00000  0.22027  0.45000  -0.00481 0.00147 -0.00476 1.40309 -3.11735 1.71908
-1.00000  0.21894  0.45000  -0.00154 0.00205 -0.00511 1.40702 -3.12599 1.72051
-1.00000  0.21761  0.45000  0.00344 0.00299 -0.00576 1.41088 -3.13526 1.72094
-1.00000  0.21628  0.45000  0.00716 0.00370 -0.00621 1.41451 -3.14382 1.72215
-1.00000  0.21495  0.45000  0.00088 0.00260 -0.00553 1.41805 -3.15261 1.73368
-1.00000  0.21362  0.45000  -0.00566 0.00135 -0.00465 1.42172 -3.15997 1.74390
-1.00000  0.21229  0.45000  -0.00980 0.00053 -0.00415 1.42564 -3.16808 1.75224
-1.00000  0.21096  0.45000  -0.01267 -0.00002 -0.00382 1.42926 -3.17607 1.75947
-1.00000  0.20963  0.45000  -0.01200 0.00006 -0.00389 1.43293 -3.18384 1.76290
-1.00000  0.20831  0.45000  -0.00631 0.00108 -0.00452 1.43635 -3.19121 1.76117
-1.00000  0.20698  0.45000  0.00087 0.00243 -0.00541 1.43953 -3.19895 1.75855
-1.00000  0.20565  0.45000  0.00609 0.00344 -0.00604 1.44244 -3.20621 1.75768
-1.00000  0.20432  0.45000  0.00700 0.00364 -0.00618 1.44550 -3.21350 1.76100
-1.00000  0.20299  0.45000  0.00274 0.00288 -0.00562 1.44832 -3.21979 1.76873
-1.00000  0.20166  0.45000  -0.00128 0.00210 -0.00516 1.45159 -3.22677 1.77645
-1.00000  0.20033  0.45000  -0.00267 0.00178 -0.00495 1.45476 -3.23305 1.78096
-1.00000  0.19900  0.45000  -0.00018 0.00233 -0.00522 1.45701 -3.23905 1.78221
-1.00000  0.19767  0.45000  0.00427 0.00304 -0.00578 1.46049 -3.24579 1.78103
-1.00000  0.19635  0.45000  0.00685 0.00352 -0.00606 1.46306 -3.25158 1.78167
-1.00000  0.19502  0.45000  0.00194 0.00268 -0.00555 1.46555 -3.25797 1.79047
-1.00000  0.19369  0.45000  -0.00486 0.00136 -0.00454 1.46799 -3.26191 1.79878
-1.00000  0.19236  0.45000  -0.00977 0.00041 -0.00397 1.47078 -3.26763 1.80662
-1.00000  0.19103  0.45000  -0.01162 0.00007 -0.00388 1.47352 -3.27409 1.81219
-1.00000  0.18970  0.45000  -0.00855 0.00059 -0.00422 1.47609 -3.27926 1.81172
-1.00000  0.18837  0.45000  -0.00213 0.00174 -0.00498 1.47859 -3.28444 1.80798
-1.00000  0.18704  0.45000  0.00353 0.00283 -0.00564 1.48045 -3.28917 1.80518
-1.00000  0.18571  0.45000  0.00669 0.00343 -0.00598 1.48238 -3.29350 1.80444
-1.00000  0.18439  0.45000  0.00269 0.00279 -0.00557 1.48411 -3.29851 1.81171
-1.00000  0.18306  0.45000  -0.00489 0.00125 -0.00443 1.48621 -3.30077 1.81946
-1.00000  0.18173  0.45000  -0.01107 -0.00003 -0.00355 1.48846 -3.30369 1.82631
-1.00000  0.18040  0.45000  -0.01162 -0.00012 -0.00371 1.49094 -3.30973 1.83041
-1.00000  0.17907  0.45000  -0.00615 0.00098 -0.00450 1.49267 -3.31489 1.82836
-1.00000  0.17774  0.45000  -0.00139 0.00178 -0.00483 1.49411 -3.31666 1.82394
-1.00000  0.17641  0.45000  0.00152 0.00228 -0.00509 1.49567 -3.31943 1.82224
-1.00000  0.17508  0.45000  0.00462 0.00292 -0.00559 1.49722 -3.32388 1.82204
-1.00000  0.17375  0.45000  0.00681 0.00337 -0.00599 1.49891 -3.32829 1.82257
-1.00000  0.17243  0.45000  -0.00110 0.00191 -0.00488 1.49987 -3.32974 1.83096
-1.00000  0.17110  0.45000  -0.00894 0.00034 -0.00384 1.50152 -3.33154 1.83896
-1.00000  0.16977  0.45000  -0.01402 -0.00061 -0.00339 1.50330 -3.33543 1.84615
-1.00000  0.16844  0.45000  -0.01721 -0.00114 -0.00313 1.50458 -3.33889 1.85152
-1.00000  0.16711  0.45000  -0.01615 -0.00103 -0.00311 1.50568 -3.34000 1.85046
-1.00000  0.16578  0.45000  -0.00875 0.00025 -0.00392 1.50708 -3.34179 1.84346
-1.00000  0.16445  0.45000  0.00091 0.00214 -0.00521 1.50800 -3.34522 1.83630
-1.00000  0.16312  0.45000  0.00558 0.00304 -0.00567 1.50838 -3.34616 1.83220
-1.00000  0.16179  0.45000  0.00286 0.00262 -0.00544 1.50915 -3.34853 1.83653
-1.00000  0.16047  0.45000  -0.00207 0.00165 -0.00477 1.50997 -3.34922 1.84132
-1.00000  0.15914  0.45000  -0.00458 0.00110 -0.00446 1.51111 -3.35045 1.84392
-1.00000  0.15781  0.45000  -0.00304 0.00129 -0.00461 1.51217 -3.35136 1.84223
-1.00000  0.15648  0.45000  0.00129 0.00216 -0.00521 1.51267 -3.35312 1.83915
-1.00000  0.15515  0.45000  0.00363 0.00257 -0.00545 1.51315 -3.35359 1.83682
-1.00000  0.15382  0.45000  0.00464 0.00279 -0.00558 1.51343 -3.35430 1.83623
-1.00000  0.15249  0.45000  0.00480 0.00277 -0.00557 1.51397 -3.35454 1.83577
-1.00000  0.15116  0.45000  0.00365 0.00251 -0.00542 1.51442 -3.35468 1.83662
-1.00000  0.14983  0.45000  0.00338 0.00246 -0.00539 1.51470 -3.35481 1.83672
-1.00000  0.14850  0.45000  0.00345 0.00250 -0.00540 1.51471 -3.35475 1.83659
-1.00000  0.14718  0.45000  0.00326 0.00247 -0.00538 1.51476 -3.35457 1.83655
-1.00000  0.14585  0.45000  0.00348 0.00251 -0.00542 1.51482 -3.35430 1.83600
-1.00000  0.14452  0.45000  0.00326 0.00242 -0.00542 1.51509 -3.35394 1.83558
-1.00000  0.14319  0.45000  0.00315 0.00242 -0.00544 1.51502 -3.35348 1.83531
-1.00000  0.14186  0.45000  0.00350 0.00250 -0.00551 1.51485 -3.35291 1.83456
-1.00000  0.14053  0.45000  0.00392 0.00264 -0.00560 1.51441 -3.35220 1.83387
-1.00000  0.13920  0.45000  0.00456 0.00280 -0.00572 1.51402 -3.35136 1.83278
-1.00000  0.13787  0.45000  0.00503 0.00294 -0.00581 1.51350 -3.35033 1.83180
-1.00000  0.13654  0.45000  0.00498 0.00291 -0.00582 1.51321 -3.34888 1.83069
-1.00000  0.13522  0.45000  0.00498 0.00289 -0.00583 1.51281 -3.34723 1.82945
-1.00000  0.13389  0.45000  0.00414 0.00264 -0.00563 1.51219 -3.34427 1.82794
-1.00000  0.13256  0.45000  0.00278 0.00226 -0.00539 1.51180 -3.34131 1.82672
-1.00000  0.13123  0.45000  0.00212 0.00207 -0.00527 1.51120 -3.33864 1.82531
-1.00000  0.12990  0.45000  0.00151 0.00187 -0.00511 1.51035 -3.33530 1.82343
-1.00000  0.12857  0.45000  0.00124 0.00182 -0.00505 1.50933 -3.33241 1.82185
-1.00000  0.12724  0.45000  0.00246 0.00222 -0.00529 1.50788 -3.33067 1.82033
-1.00000  0.12591  0.45000  0.00327 0.00237 -0.00537 1.50674 -3.32762 1.81761
-1.00000  0.12458  0.45000  0.00259 0.00220 -0.00521 1.50544 -3.32364 1.81561
-1.00000  0.12326  0.45000  0.00150 0.00191 -0.00504 1.50445 -3.31987 1.81392
-1.00000  0.12193  0.45000  0.00232 0.00207 -0.00531 1.50394 -3.31806 1.81179
-1.00000  0.12060  0.45000  0.00310 0.00224 -0.00549 1.50286 -3.31525 1.80929
-1.00000  0.11927  0.45000  0.00169 0.00187 -0.00513 1.50100 -3.30951 1.80682
-1.00000  0.11794  0.45000  0.00077 0.00166 -0.00492 1.49921 -3.30456 1.80458
-1.00000  0.11661  0.45000  0.00225 0.00209 -0.00529 1.49785 -3.30249 1.80238
-1.00000  0.11528  0.45000  0.00468 0.00271 -0.00575 1.49625 -3.30002 1.79909
-1.00000  0.11395  0.45000  0.00527 0.00286 -0.00578 1.49415 -3.29523 1.79581
-1.00000  0.11262  0.45000  0.00378 0.00257 -0.00542 1.49158 -3.28892 1.79356
-1.00000  0.11130  0.45000  0.00045 0.00142 -0.00489 1.49131 -3.28183 1.79007
-1.00000  0.10997  0.45000  0.00097 0.00164 -0.00519 1.49004 -3.27932 1.78831
-1.00000  0.10864  0.45000  0.00494 0.00279 -0.00583 1.48705 -3.27653 1.78454
-1.00000  0.10731  0.45000  0.00726 0.00342 -0.00611 1.48415 -3.27168 1.78028
-1.00000  0.10598  0.45000  0.00520 0.00285 -0.00564 1.48169 -3.26377 1.77688
-1.00000  0.10465  0.45000  0.00053 0.00149 -0.00489 1.48050 -3.25524 1.77422
-1.00000  0.10332  0.45000  -0.00105 0.00105 -0.00483 1.47941 -3.25022 1.77186
-1.00000  0.10199  0.45000  0.00148 0.00180 -0.00528 1.47666 -3.24621 1.76807
-1.00000  0.10066  0.45000  0.00311 0.00223 -0.00538 1.47322 -3.23956 1.76323
-1.00000  0.10199  0.45000  0.00127 -0.00098 -0.00500 1.48607 -3.23755 1.75021
-1.00000  0.10332  0.45000  -0.00084 -0.00403 -0.00476 1.49890 -3.23741 1.73934
-1.00000  0.10465  0.45000  -0.00146 -0.00597 -0.00481 1.50908 -3.24029 1.73267
-1.00000  0.10598  0.45000  -0.00134 -0.00717 -0.00490 1.51674 -3.24414 1.72874
-1.00000  0.10731  0.45000  -0.00412 -0.00827 -0.00471 1.52226 -3.25001 1.73187
-1.00000  0.10864  0.45000  -0.00954 -0.00905 -0.00422 1.52463 -3.25768 1.74259
-1.00000  0.10997  0.45000  -0.01242 -0.00855 -0.00391 1.52304 -3.26589 1.75528
-1.00000  0.11130  0.45000  -0.01232 -0.00730 -0.00390 1.52024 -3.27392 1.76600
-1.00000  0.11262  0.45000  -0.00981 -0.00578 -0.00415 1.51781 -3.28085 1.77285
-1.00000  0.11395  0.45000  -0.00605 -0.00436 -0.00449 1.51630 -3.28642 1.77617
-1.00000  0.11528  0.45000  -0.00215 -0.00320 -0.00486 1.51595 -3.29121 1.77740
-1.00000  0.11661  0.45000  -0.00012 -0.00263 -0.00502 1.51653 -3.29543 1.77902
-1.00000  0.11794  0.45000  -0.00014 -0.00259 -0.00504 1.51818 -3.30011 1.78208
-1.00000  0.11927  0.45000  -0.00039 -0.00268 -0.00504 1.52018 -3.30453 1.78474
-1.00000  0.12060  0.45000  -0.00096 -0.00285 -0.00497 1.52206 -3.30851 1.78741
-1.00000  0.12193  0.45000  -0.00187 -0.00312 -0.00485 1.52395 -3.31212 1.79004
-1.00000  0.12326  0.45000  -0.00175 -0.00305 -0.00493 1.52553 -3.31657 1.79279
-1.00000  0.12458  0.45000  -0.00174 -0.00313 -0.00481 1.52668 -3.31889 1.79395
-1.00000  0.12591  0.45000  -0.00271 -0.00334 -0.00465 1.52796 -3.32182 1.79657
-1.00000  0.12724  0.45000  -0.00253 -0.00324 -0.00475 1.52924 -3.32585 1.79914
-1.00000  0.12857  0.45000  -0.00162 -0.00295 -0.00493 1.53015 -3.32982 1.80129
-1.00000  0.12990  0.45000  -0.00146 -0.00301 -0.00479 1.53097 -3.33116 1.80166
-1.00000  0.13123  0.45000  -0.00318 -0.00345 -0.00451 1.53219 -3.33303 1.80403
-1.00000  0.13256  0.45000  -0.00308 -0.00333 -0.00468 1.53335 -3.33710 1.80683
-1.00000  0.13389  0.45000  -0.00121 -0.00295 -0.00496 1.53426 -3.34007 1.80703
-1.00000  0.13522  0.45000  -0.00218 -0.00322 -0.00472 1.53497 -3.34111 1.80832
-1.00000  0.13654  0.45000  -0.00346 -0.00351 -0.00453 1.53581 -3.34275 1.81040
-1.00000  0.13787  0.45000  -0.00235 -0.00323 -0.00482 1.53673 -3.34612 1.81174
-1.00000  0.13920  0.45000  -0.00214 -0.00320 -0.00475 1.53694 -3.34696 1.81216
-1.00000  0.14053  0.45000  -0.00238 -0.00317 -0.00479 1.53734 -3.34921 1.81425
-1.00000  0.14186  0.45000  -0.00240 -0.00323 -0.00471 1.53774 -3.34987 1.81454
-1.00000  0.14319  0.45000  -0.00294 -0.00330 -0.00465 1.53791 -3.35105 1.81608
-1.00000  0.14452  0.45000  -0.00266 -0.00321 -0.00473 1.53819 -3.35257 1.81704
-1.00000  0.14585  0.45000  -0.00217 -0.00316 -0.00478 1.53857 -3.35337 1.81698
-1.00000  0.14718  0.45000  -0.00226 -0.00317 -0.00476 1.53862 -3.35398 1.81761
-1.00000  0.14850  0.45000  -0.00236 -0.00315 -0.00475 1.53848 -3.35450 1.81838
-1.00000  0.14983  0.45000  -0.00239 -0.00317 -0.00472 1.53843 -3.35465 1.81861
-1.00000  0.15116  0.45000  -0.00259 -0.00322 -0.00470 1.53841 -3.35484 1.81903
-1.00000  0.15249  0.45000  -0.00303 -0.00335 -0.00465 1.53848 -3.35482 1.81938
-1.00000  0.15382  0.45000  -0.00305 -0.00333 -0.00464 1.53814 -3.35466 1.81957
-1.00000  0.15515  0.45000  -0.00304 -0.00331 -0.00465 1.53774 -3.35441 1.81972
-1.00000  0.15648  0.45000  -0.00291 -0.00331 -0.00468 1.53755 -3.35406 1.81942
-1.00000  0.15781  0.45000  -0.00265 -0.00329 -0.00474 1.53728 -3.35361 1.81898
-1.00000  0.15914  0.45000  -0.00300 -0.00336 -0.00473 1.53693 -3.35309 1.81917
-1.00000  0.16047  0.45000  -0.00242 -0.00324 -0.00483 1.53637 -3.35244 1.81849
-1.00000  0.16179  0.45000  -0.00199 -0.00312 -0.00493 1.53566 -3.35167 1.81801
-1.00000  0.16312  0.45000  -0.00136 -0.00292 -0.00506 1.53463 -3.35080 1.81753
-1.00000  0.16445  0.45000  -0.00062 -0.00275 -0.00519 1.53377 -3.34970 1.81654
-1.00000  0.16578  0.45000  -0.00056 -0.00274 -0.00523 1.53298 -3.34827 1.81585
-1.00000  0.16711  0.45000  -0.00036 -0.00268 -0.00527 1.53191 -3.34660 1.81504
-1.00000  0.16844  0.45000  -0.00087 -0.00281 -0.00515 1.53085 -3.34402 1.81404
-1.00000  0.16977  0.45000  -0.00197 -0.00308 -0.00491 1.52973 -3.34088 1.81312
-1.00000  0.17110  0.45000  -0.00276 -0.00325 -0.00474 1.52841 -3.33778 1.81212
-1.00000  0.17243  0.45000  -0.00341 -0.00342 -0.00460 1.52722 -3.33468 1.81087
-1.00000  0.17375  0.45000  -0.00426 -0.00366 -0.00439 1.52594 -3.33107 1.80938
-1.00000  0.17508  0.45000  -0.00447 -0.00370 -0.00440 1.52469 -3.32851 1.80830
-1.00000  0.17641  0.45000  -0.00364 -0.00357 -0.00454 1.52347 -3.32597 1.80614
-1.00000  0.17774  0.45000  -0.00458 -0.00358 -0.00437 1.52083 -3.32202 1.80577
-1.00000  0.17907  0.45000  -0.00404 -0.00359 -0.00437 1.51964 -3.31820 1.80261
-1.00000  0.18040  0.45000  -0.00363 -0.00349 -0.00456 1.51825 -3.31589 1.80127
-1.00000  0.18173  0.45000  -0.00390 -0.00365 -0.00441 1.51670 -3.31128 1.79848
-1.00000  0.18306  0.45000  -0.00483 -0.00381 -0.00427 1.51475 -3.30711 1.79718
-1.00000  0.18439  0.45000  -0.00456 -0.00380 -0.00435 1.51317 -3.30352 1.79492
-1.00000  0.18571  0.45000  -0.00542 -0.00396 -0.00415 1.51088 -3.29839 1.79293
-1.00000  0.18704  0.45000  -0.00417 -0.00365 -0.00448 1.50896 -3.29566 1.79087
-1.00000  0.18837  0.45000  -0.00224 -0.00317 -0.00489 1.50668 -3.29257 1.78813
-1.00000  0.18970  0.45000  -0.00226 -0.00321 -0.00475 1.50423 -3.28661 1.78464
-1.00000  0.19103  0.45000  -0.00537 -0.00385 -0.00414 1.50168 -3.27963 1.78332
-1.00000  0.19236  0.45000  -0.00531 -0.00390 -0.00423 1.49989 -3.27540 1.78082
-1.00000  0.19369  0.45000  -0.00471 -0.00377 -0.00437 1.49757 -3.27080 1.77794
-1.00000  0.19502  0.45000  -0.00433 -0.00379 -0.00425 1.49513 -3.26408 1.77328
-1.00000  0.19635  0.45000  -0.00601 -0.00414 -0.00401 1.49268 -3.25818 1.77152
-1.00000  0.19767  0.45000  -0.00640 -0.00424 -0.00393 1.49013 -3.25221 1.76848
-1.00000  0.19900  0.45000  -0.00557 -0.00402 -0.00424 1.48763 -3.24812 1.76606
-1.00000  0.20033  0.45000  -0.00059 -0.00299 -0.00496 1.48457 -3.24310 1.75912
-1.00000  0.20166  0.45000  0.00208 -0.00250 -0.00517 1.48138 -3.23586 1.75240
-1.00000  0.20299  0.45000  -0.00120 -0.00310 -0.00461 1.47802 -3.22794 1.75112
-1.00000  0.20432  0.45000  -0.00574 -0.00399 -0.00399 1.47513 -3.22066 1.75127
-1.00000  0.20565  0.45000  -0.00692 -0.00428 -0.00396 1.47279 -3.21515 1.74927
-1.00000  0.20698  0.45000  0.00001 -0.00303 -0.00483 1.46990 -3.20879 1.73888
-1.00000  0.20831  0.45000  0.00515 -0.00204 -0.00538 1.46622 -3.20110 1.72973
-1.00000  0.20963  0.45000  0.00915 -0.00128 -0.00577 1.46255 -3.19303 1.72133
-1.00000  0.21096  0.45000  0.01086 -0.00094 -0.00596 1.45897 -3.18534 1.71551
-1.00000  0.21229  0.45000  0.00674 -0.00167 -0.00554 1.45559 -3.17840 1.71607
-1.00000  0.21362  0.45000  -0.00105 -0.00322 -0.00458 1.45274 -3.17063 1.71895
-1.00000  0.21495  0.45000  -0.00849 -0.00476 -0.00357 1.44986 -3.16197 1.72060
-1.00000  0.21628  0.45000  -0.00413 -0.00414 -0.00392 1.44694 -3.15301 1.71021
-1.00000  0.21761  0.45000  0.00600 -0.00210 -0.00558 1.44323 -3.14855 1.69932
-1.00000  0.21894  0.45000  0.01615 0.00015 -0.00737 1.43835 -3.14415 1.68965
-1.00000  0.22027  0.45000  0.02289 0.00172 -0.00853 1.43307 -3.13752 1.68155
-1.00000  0.22159  0.45000  0.02167 0.00140 -0.00817 1.42925 -3.12719 1.67627
-1.00000  0.22292  0.45000  0.00992 -0.00107 -0.00623 1.42605 -3.11451 1.67855
-1.00000  0.22425  0.45000  -0.00345 -0.00386 -0.00411 1.42283 -3.10164 1.68227
-1.00000  0.22558  0.45000  -0.01132 -0.00555 -0.00291 1.41941 -3.09053 1.68245
-1.00000  0.22691  0.45000  -0.00037 -0.00340 -0.00474 1.41562 -3.08583 1.67057
-1.00000  0.22824  0.45000  0.01659 0.00026 -0.00750 1.40944 -3.08096 1.65494
-1.00000  0.22957  0.45000  0.03048 0.00320 -0.00988 1.40386 -3.07593 1.64158
-1.00000  0.23090  0.45000  0.03845 0.00463 -0.01137 1.40035 -3.07048 1.63168
-1.00000  0.23223  0.45000  0.04093 0.00508 -0.01179 1.39596 -3.06134 1.62444
-1.00000  0.23355  0.45000  0.03158 0.00323 -0.01015 1.39137 -3.04733 1.62437
-1.00000  0.23488  0.45000  0.01303 -0.00049 -0.00709 1.38722 -3.03087 1.63063
-1.00000  0.23621  0.45000  -0.00412 -0.00391 -0.00431 1.38265 -3.01455 1.63602
-1.00000  0.23754  0.45000  -0.00869 -0.00491 -0.00324 1.37768 -2.99948 1.63049
-1.00000  0.23887  0.45000  -0.00611 -0.00427 -0.00366 1.37194 -2.98889 1.62306
-1.00000  0.24020  0.45000  -0.00193 -0.00330 -0.00444 1.36629 -2.97960 1.61524
-1.00000  0.24153  0.45000  -0.00158 -0.00331 -0.00454 1.36180 -2.96921 1.60899
-1.00000  0.24286  0.45000  -0.00553 -0.00404 -0.00402 1.35652 -2.95713 1.60614
-1.00000  0.24419  0.45000  -0.00474 -0.00408 -0.00392 1.35202 -2.94457 1.59729
-1.00000  0.24551  0.45000  -0.00259 -0.00363 -0.00415 1.34628 -2.93223 1.58854
-1.00000  0.24684  0.45000  -0.00230 -0.00358 -0.00424 1.34103 -2.92078 1.58206
-1.00000  0.24817  0.45000  -0.00427 -0.00391 -0.00403 1.33536 -2.90861 1.57752
-1.00000  0.24950  0.45000  -0.00653 -0.00433 -0.00374 1.32974 -2.89595 1.57274
-1.00000  0.25083  0.45000  -0.00499 -0.00408 -0.00384 1.32418 -2.88287 1.56368
-1.00000  0.25216  0.45000  -0.00327 -0.00372 -0.00407 1.31823 -2.87017 1.55521
-1.00000  0.25349  0.45000  -0.00450 -0.00392 -0.00397 1.31231 -2.85759 1.54977
-1.00000  0.25482  0.45000  -0.00599 -0.00417 -0.00381 1.30631 -2.84451 1.54419
-1.00000  0.25615  0.45000  -0.00477 -0.00401 -0.00390 1.30059 -2.83097 1.53515
-1.00000  0.25748  0.45000  -0.00496 -0.00392 -0.00391 1.29379 -2.81716 1.52832
-1.00000  0.25880  0.45000  -0.00599 -0.00418 -0.00377 1.28804 -2.80374 1.52170
-1.00000  0.26013  0.45000  -0.00486 -0.00398 -0.00387 1.28178 -2.78963 1.51271
-1.00000  0.26146  0.45000  -0.00359 -0.00372 -0.00405 1.27537 -2.77578 1.50400
-1.00000  0.26279  0.45000  -0.00358 -0.00376 -0.00407 1.26922 -2.76192 1.49627
-1.00000  0.26412  0.45000  -0.00492 -0.00402 -0.00389 1.26274 -2.74734 1.48952
-1.00000  0.26545  0.45000  -0.00568 -0.00413 -0.00378 1.25593 -2.73237 1.48212
-1.00000  0.26678  0.45000  -0.00485 -0.00402 -0.00386 1.24947 -2.71764 1.47301
-1.00000  0.26811  0.45000  -0.00531 -0.00400 -0.00386 1.24217 -2.70260 1.46574
-1.00000  0.26944  0.45000  -0.00467 -0.00391 -0.00391 1.23540 -2.68724 1.45652
-1.00000  0.27076  0.45000  -0.00449 -0.00381 -0.00396 1.22806 -2.67172 1.44816
-1.00000  0.27209  0.45000  -0.00456 -0.00386 -0.00393 1.22119 -2.65614 1.43951
-1.00000  0.27342  0.45000  -0.00509 -0.00391 -0.00386 1.21372 -2.63998 1.43136
-1.00000  0.27475  0.45000  -0.00452 -0.00385 -0.00393 1.20676 -2.62425 1.42201
-1.00000  0.27608  0.45000  -0.00441 -0.00384 -0.00393 1.19944 -2.60791 1.41288
-1.00000  0.27741  0.45000  -0.00431 -0.00385 -0.00395 1.19223 -2.59173 1.40381
-1.00000  0.27874  0.45000  -0.00442 -0.00390 -0.00392 1.18482 -2.57512 1.39473
-1.00000  0.28007  0.45000  -0.00470 -0.00395 -0.00387 1.17714 -2.55805 1.38562
-1.00000  0.28140  0.45000  -0.00447 -0.00389 -0.00391 1.16929 -2.54095 1.37613
-1.00000  0.28272  0.45000  -0.00425 -0.00385 -0.00395 1.16153 -2.52387 1.36660
-1.00000  0.28405  0.45000  -0.00435 -0.00385 -0.00392 1.15339 -2.50602 1.35697
-1.00000  0.28538  0.45000  -0.00435 -0.00387 -0.00393 1.14548 -2.48842 1.34729
-1.00000  0.28671  0.45000  -0.00402 -0.00378 -0.00401 1.13721 -2.47070 1.33751
-1.00000  0.28804  0.45000  -0.00384 -0.00376 -0.00404 1.12900 -2.45261 1.32745
-1.00000  0.28937  0.45000  -0.00414 -0.00386 -0.00397 1.12079 -2.43398 1.31732
-1.00000  0.29070  0.45000  -0.00481 -0.00400 -0.00380 1.11230 -2.41463 1.30714
-1.00000  0.29203  0.45000  -0.00394 -0.00386 -0.00388 1.10372 -2.39554 1.29577
-1.00000  0.29336  0.45000  -0.00450 -0.00395 -0.00384 1.09490 -2.37641 1.28601
-1.00000  0.29468  0.45000  -0.00462 -0.00394 -0.00386 1.08593 -2.35705 1.27575
-1.00000  0.29601  0.45000  -0.00459 -0.00392 -0.00386 1.07686 -2.33723 1.26495
-1.00000  0.29734  0.45000  -0.00449 -0.00388 -0.00389 1.06765 -2.31727 1.25411
-1.00000  0.29867  0.45000  -0.00380 -0.00370 -0.00403 1.05814 -2.29713 1.24278
-1.00000  0.30000  0.45000  -0.00189 -0.00330 -0.00432 1.04855 -2.27682 1.23016
