0.13981 1.10363 -0.67264 0.30000  0.45000
0.13073 1.11419 -0.67412 0.29867  0.45000
0.12171 1.12459 -0.67550 0.29734  0.45000
0.11272 1.13485 -0.67677 0.29601  0.45000
0.10377 1.14497 -0.67795 0.29468  0.45000
0.09486 1.15495 -0.67901 0.29336  0.45000
0.08598 1.16480 -0.67998 0.29203  0.45000
0.07714 1.17451 -0.68086 0.29070  0.45000
0.06833 1.18409 -0.68163 0.28937  0.45000
0.05956 1.19355 -0.68231 0.28804  0.45000
0.05081 1.20288 -0.68289 0.28671  0.45000
0.04209 1.21208 -0.68338 0.28538  0.45000
0.03341 1.22116 -0.68378 0.28405  0.45000
0.02475 1.23013 -0.68408 0.28272  0.45000
0.01611 1.23897 -0.68429 0.28140  0.45000
0.00751 1.24770 -0.68442 0.28007  0.45000
-0.00108 1.25632 -0.68445 0.27874  0.45000
-0.00963 1.26482 -0.68439 0.27741  0.45000
-0.01817 1.27322 -0.68425 0.27608  0.45000
-0.02668 1.28150 -0.68402 0.27475  0.45000
-0.03517 1.28967 -0.68370 0.27342  0.45000
-0.04365 1.29774 -0.68330 0.27209  0.45000
-0.05210 1.30570 -0.68281 0.27076  0.45000
-0.06053 1.31356 -0.68224 0.26944  0.45000
-0.06894 1.32131 -0.68158 0.26811  0.45000
-0.07733 1.32897 -0.68084 0.26678  0.45000
-0.08571 1.33652 -0.68001 0.26545  0.45000
-0.09407 1.34397 -0.67910 0.26412  0.45000
-0.10241 1.35132 -0.67811 0.26279  0.45000
-0.11073 1.35857 -0.67704 0.26146  0.45000
-0.11904 1.36573 -0.67589 0.26013  0.45000
-0.12734 1.37279 -0.67465 0.25880  0.45000
-0.13561 1.37975 -0.67334 0.25748  0.45000
-0.14388 1.38662 -0.67194 0.25615  0.45000
-0.15213 1.39339 -0.67047 0.25482  0.45000
-0.16036 1.40007 -0.66891 0.25349  0.45000
-0.16858 1.40666 -0.66728 0.25216  0.45000
-0.17679 1.41315 -0.66556 0.25083  0.45000
-0.18498 1.41955 -0.66377 0.24950  0.45000
-0.19316 1.42586 -0.66190 0.24817  0.45000
-0.20133 1.43208 -0.65995 0.24684  0.45000
-0.20948 1.43821 -0.65793 0.24551  0.45000
-0.21763 1.44425 -0.65582 0.24419  0.45000
-0.22576 1.45019 -0.65364 0.24286  0.45000
-0.23387 1.45605 -0.65138 0.24153  0.45000
-0.24198 1.46182 -0.64905 0.24020  0.45000
-0.25007 1.46751 -0.64664 0.23887  0.45000
-0.25815 1.47310 -0.64415 0.23754  0.45000
-0.26622 1.47861 -0.64159 0.23621  0.45000
-0.27428 1.48402 -0.63895 0.23488  0.45000
-0.28232 1.48936 -0.63624 0.23355  0.45000
-0.29036 1.49460 -0.63345 0.23223  0.45000
-0.29838 1.49976 -0.63058 0.23090  0.45000
-0.30639 1.50483 -0.62764 0.22957  0.45000
-0.31439 1.50981 -0.62463 0.22824  0.45000
-0.32237 1.51471 -0.62155 0.22691  0.45000
-0.33034 1.51953 -0.61839 0.22558  0.45000
-0.33831 1.52425 -0.61515 0.22425  0.45000
-0.34625 1.52889 -0.61184 0.22292  0.45000
-0.35419 1.53345 -0.60846 0.22159  0.45000
-0.36211 1.53792 -0.60501 0.22027  0.45000
-0.37003 1.54231 -0.60149 0.21894  0.45000
-0.37792 1.54661 -0.59789 0.21761  0.45000
-0.38581 1.55083 -0.59422 0.21628  0.45000
-0.39368 1.55496 -0.59048 0.21495  0.45000
-0.40154 1.55900 -0.58667 0.21362  0.45000
-0.40939 1.56297 -0.58278 0.21229  0.45000
-0.41722 1.56684 -0.57883 0.21096  0.45000
-0.42504 1.57064 -0.57481 0.20963  0.45000
-0.43284 1.57435 -0.57071 0.20831  0.45000
-0.44063 1.57797 -0.56655 0.20698  0.45000
-0.44840 1.58151 -0.56232 0.20565  0.45000
-0.45616 1.58497 -0.55801 0.20432  0.45000
-0.46390 1.58834 -0.55364 0.20299  0.45000
-0.47163 1.59163 -0.54920 0.20166  0.45000
-0.47934 1.59483 -0.54470 0.20033  0.45000
-0.48703 1.59795 -0.54012 0.19900  0.45000
-0.49471 1.60098 -0.53548 0.19767  0.45000
-0.50237 1.60393 -0.53077 0.19635  0.45000
-0.51001 1.60680 -0.52599 0.19502  0.45000
-0.51764 1.60958 -0.52115 0.19369  0.45000
-0.52524 1.61228 -0.51624 0.19236  0.45000
-0.53283 1.61490 -0.51127 0.19103  0.45000
-0.54040 1.61743 -0.50623 0.18970  0.45000
-0.54794 1.61987 -0.50113 0.18837  0.45000
-0.55547 1.62223 -0.49597 0.18704  0.45000
-0.56298 1.62451 -0.49074 0.18571  0.45000
-0.57046 1.62670 -0.48544 0.18439  0.45000
-0.57793 1.62881 -0.48009 0.18306  0.45000
-0.58537 1.63084 -0.47467 0.18173  0.45000
-0.59279 1.63278 -0.46919 0.18040  0.45000
-0.60019 1.63463 -0.46365 0.17907  0.45000
-0.60756 1.63640 -0.45805 0.17774  0.45000
-0.61491 1.63809 -0.45239 0.17641  0.45000
-0.62223 1.63969 -0.44667 0.17508  0.45000
-0.62953 1.64121 -0.44089 0.17375  0.45000
-0.63680 1.64265 -0.43505 0.17243  0.45000
-0.64405 1.64400 -0.42915 0.17110  0.45000
-0.65127 1.64526 -0.42319 0.16977  0.45000
-0.65846 1.64644 -0.41718 0.16844  0.45000
-0.66563 1.64754 -0.41111 0.16711  0.45000
-0.67276 1.64855 -0.40499 0.16578  0.45000
-0.67987 1.64947 -0.39881 0.16445  0.45000
-0.68695 1.65032 -0.39257 0.16312  0.45000
-0.69399 1.65107 -0.38628 0.16179  0.45000
-0.70101 1.65175 -0.37994 0.16047  0.45000
-0.70800 1.65234 -0.37354 0.15914  0.45000
-0.71495 1.65284 -0.36709 0.15781  0.45000
-0.72187 1.65326 -0.36059 0.15648  0.45000
-0.72875 1.65359 -0.35404 0.15515  0.45000
-0.73561 1.65384 -0.34744 0.15382  0.45000
-0.74243 1.65401 -0.34078 0.15249  0.45000
-0.74921 1.65409 -0.33408 0.15116  0.45000
-0.75596 1.65408 -0.32733 0.14983  0.45000
-0.76267 1.65399 -0.32053 0.14850  0.45000
-0.76934 1.65382 -0.31368 0.14718  0.45000
-0.77598 1.65356 -0.30679 0.14585  0.45000
-0.78258 1.65322 -0.29984 0.14452  0.45000
-0.78913 1.65279 -0.29286 0.14319  0.45000
-0.79565 1.65228 -0.28582 0.14186  0.45000
-0.80213 1.65168 -0.27875 0.14053  0.45000
-0.80857 1.65100 -0.27163 0.13920  0.45000
-0.81497 1.65023 -0.26446 0.13787  0.45000
-0.82133 1.64938 -0.25725 0.13654  0.45000
-0.82764 1.64844 -0.25001 0.13522  0.45000
-0.83391 1.64742 -0.24271 0.13389  0.45000
-0.84014 1.64632 -0.23538 0.13256  0.45000
-0.84632 1.64513 -0.22801 0.13123  0.45000
-0.85246 1.64385 -0.22060 0.12990  0.45000
-0.85855 1.64250 -0.21315 0.12857  0.45000
-0.86460 1.64105 -0.20566 0.12724  0.45000
-0.87060 1.63953 -0.19813 0.12591  0.45000
-0.87655 1.63791 -0.19057 0.12458  0.45000
-0.88245 1.63622 -0.18297 0.12326  0.45000
-0.88831 1.63444 -0.17533 0.12193  0.45000
-0.89412 1.63257 -0.16766 0.12060  0.45000
-0.89987 1.63062 -0.15995 0.11927  0.45000
-0.90558 1.62859 -0.15221 0.11794  0.45000
-0.91124 1.62647 -0.14444 0.11661  0.45000
-0.91684 1.62427 -0.13663 0.11528  0.45000
-0.92240 1.62198 -0.12879 0.11395  0.45000
-0.92790 1.61961 -0.12092 0.11262  0.45000
-0.93335 1.61716 -0.11301 0.11130  0.45000
-0.93874 1.61462 -0.10508 0.10997  0.45000
-0.94408 1.61200 -0.09712 0.10864  0.45000
-0.94937 1.60929 -0.08912 0.10731  0.45000
-0.95460 1.60650 -0.08110 0.10598  0.45000
-0.95978 1.60362 -0.07304 0.10465  0.45000
-0.96490 1.60066 -0.06496 0.10332  0.45000
-0.96997 1.59762 -0.05685 0.10199  0.45000
-0.97498 1.59449 -0.04872 0.10066  0.45000
-0.96997 1.59762 -0.05685 0.10199  0.45000
-0.96490 1.60066 -0.06496 0.10332  0.45000
-0.95978 1.60362 -0.07304 0.10465  0.45000
-0.95460 1.60650 -0.08110 0.10598  0.45000
-0.94937 1.60929 -0.08912 0.10731  0.45000
-0.94408 1.61200 -0.09712 0.10864  0.45000
-0.93874 1.61462 -0.10508 0.10997  0.45000
-0.93335 1.61716 -0.11301 0.11130  0.45000
-0.92790 1.61961 -0.12092 0.11262  0.45000
-0.92240 1.62198 -0.12879 0.11395  0.45000
-0.91684 1.62427 -0.13663 0.11528  0.45000
-0.91124 1.62647 -0.14444 0.11661  0.45000
-0.90558 1.62859 -0.15221 0.11794  0.45000
-0.89987 1.63062 -0.15995 0.11927  0.45000
-0.89412 1.63257 -0.16766 0.12060  0.45000
-0.88831 1.63444 -0.17533 0.12193  0.45000
-0.88245 1.63622 -0.18297 0.12326  0.45000
-0.87655 1.63791 -0.19057 0.12458  0.45000
-0.87060 1.63953 -0.19813 0.12591  0.45000
-0.86460 1.64105 -0.20566 0.12724  0.45000
-0.85855 1.64250 -0.21315 0.12857  0.45000
-0.85246 1.64385 -0.22060 0.12990  0.45000
-0.84632 1.64513 -0.22801 0.13123  0.45000
-0.84014 1.64632 -0.23538 0.13256  0.45000
-0.83391 1.64742 -0.24271 0.13389  0.45000
-0.82764 1.64844 -0.25001 0.13522  0.45000
-0.82133 1.64938 -0.25725 0.13654  0.45000
-0.81497 1.65023 -0.26446 0.13787  0.45000
-0.80857 1.65100 -0.27163 0.13920  0.45000
-0.80213 1.65168 -0.27875 0.14053  0.45000
-0.79565 1.65228 -0.28582 0.14186  0.45000
-0.78913 1.65279 -0.29286 0.14319  0.45000
-0.78258 1.65322 -0.29984 0.14452  0.45000
-0.77598 1.65356 -0.30679 0.14585  0.45000
-0.76934 1.65382 -0.31368 0.14718  0.45000
-0.76267 1.65399 -0.32053 0.14850  0.45000
-0.75596 1.65408 -0.32733 0.14983  0.45000
-0.74921 1.65409 -0.33408 0.15116  0.45000
-0.74243 1.65401 -0.34078 0.15249  0.45000
-0.73561 1.65384 -0.34744 0.15382  0.45000
-0.72875 1.65359 -0.35404 0.15515  0.45000
-0.72187 1.65326 -0.36059 0.15648  0.45000
-0.71495 1.65284 -0.36709 0.15781  0.45000
-0.70800 1.65234 -0.37354 0.15914  0.45000
-0.70101 1.65175 -0.37994 0.16047  0.45000
-0.69399 1.65107 -0.38628 0.16179  0.45000
-0.68695 1.65032 -0.39257 0.16312  0.45000
-0.67987 1.64947 -0.39881 0.16445  0.45000
-0.67276 1.64855 -0.40499 0.16578  0.45000
-0.66563 1.64754 -0.41111 0.16711  0.45000
-0.65846 1.64644 -0.41718 0.16844  0.45000
-0.65127 1.64526 -0.42319 0.16977  0.45000
-0.64405 1.64400 -0.42915 0.17110  0.45000
-0.63680 1.64265 -0.43505 0.17243  0.45000
-0.62953 1.64121 -0.44089 0.17375  0.45000
-0.62223 1.63969 -0.44667 0.17508  0.45000
-0.61491 1.63809 -0.45239 0.17641  0.45000
-0.60756 1.63640 -0.45805 0.17774  0.45000
-0.60019 1.63463 -0.46365 0.17907  0.45000
-0.59279 1.63278 -0.46919 0.18040  0.45000
-0.58537 1.63084 -0.47467 0.18173  0.45000
-0.57793 1.62881 -0.48009 0.18306  0.45000
-0.57046 1.62670 -0.48544 0.18439  0.45000
-0.56298 1.62451 -0.49074 0.18571  0.45000
-0.55547 1.62223 -0.49597 0.18704  0.45000
-0.54794 1.61987 -0.50113 0.18837  0.45000
-0.54040 1.61743 -0.50623 0.18970  0.45000
-0.53283 1.61490 -0.51127 0.19103  0.45000
-0.52524 1.61228 -0.51624 0.19236  0.45000
-0.51764 1.60958 -0.52115 0.19369  0.45000
-0.51001 1.60680 -0.52599 0.19502  0.45000
-0.50237 1.60393 -0.53077 0.19635  0.45000
-0.49471 1.60098 -0.53548 0.19767  0.45000
-0.48703 1.59795 -0.54012 0.19900  0.45000
-0.47934 1.59483 -0.54470 0.20033  0.45000
-0.47163 1.59163 -0.54920 0.20166  0.45000
-0.46390 1.58834 -0.55364 0.20299  0.45000
-0.45616 1.58497 -0.55801 0.20432  0.45000
-0.44840 1.58151 -0.56232 0.20565  0.45000
-0.44063 1.57797 -0.56655 0.20698  0.45000
-0.43284 1.57435 -0.57071 0.20831  0.45000
-0.42504 1.57064 -0.57481 0.20963  0.45000
-0.41722 1.56684 -0.57883 0.21096  0.45000
-0.40939 1.56297 -0.58278 0.21229  0.45000
-0.40154 1.55900 -0.58667 0.21362  0.45000
-0.39368 1.55496 -0.59048 0.21495  0.45000
-0.38581 1.55083 -0.59422 0.21628  0.45000
-0.37792 1.54661 -0.59789 0.21761  0.45000
-0.37003 1.54231 -0.60149 0.21894  0.45000
-0.36211 1.53792 -0.60501 0.22027  0.45000
-0.35419 1.53345 -0.60846 0.22159  0.45000
-0.34625 1.52889 -0.61184 0.22292  0.45000
-0.33831 1.52425 -0.61515 0.22425  0.45000
-0.33034 1.51953 -0.61839 0.22558  0.45000
-0.32237 1.51471 -0.62155 0.22691  0.45000
-0.31439 1.50981 -0.62463 0.22824  0.45000
-0.30639 1.50483 -0.62764 0.22957  0.45000
-0.29838 1.49976 -0.63058 0.23090  0.45000
-0.29036 1.49460 -0.63345 0.23223  0.45000
-0.28232 1.48936 -0.63624 0.23355  0.45000
-0.27428 1.48402 -0.63895 0.23488  0.45000
-0.26622 1.47861 -0.64159 0.23621  0.45000
-0.25815 1.47310 -0.64415 0.23754  0.45000
-0.25007 1.46751 -0.64664 0.23887  0.45000
-0.24198 1.46182 -0.64905 0.24020  0.45000
-0.23387 1.45605 -0.65138 0.24153  0.45000
-0.22576 1.45019 -0.65364 0.24286  0.45000
-0.21763 1.44425 -0.65582 0.24419  0.45000
-0.20948 1.43821 -0.65793 0.24551  0.45000
-0.20133 1.43208 -0.65995 0.24684  0.45000
-0.19316 1.42586 -0.66190 0.24817  0.45000
-0.18498 1.41955 -0.66377 0.24950  0.45000
-0.17679 1.41315 -0.66556 0.25083  0.45000
-0.16858 1.40666 -0.66728 0.25216  0.45000
-0.16036 1.40007 -0.66891 0.25349  0.45000
-0.15213 1.39339 -0.67047 0.25482  0.45000
-0.14388 1.38662 -0.67194 0.25615  0.45000
-0.13561 1.37975 -0.67334 0.25748  0.45000
-0.12734 1.37279 -0.67465 0.25880  0.45000
-0.11904 1.36573 -0.67589 0.26013  0.45000
-0.11073 1.35857 -0.67704 0.26146  0.45000
-0.10241 1.35132 -0.67811 0.26279  0.45000
-0.09407 1.34397 -0.67910 0.26412  0.45000
-0.08571 1.33652 -0.68001 0.26545  0.45000
-0.07733 1.32897 -0.68084 0.26678  0.45000
-0.06894 1.32131 -0.68158 0.26811  0.45000
-0.06053 1.31356 -0.68224 0.26944  0.45000
-0.05210 1.30570 -0.68281 0.27076  0.45000
-0.04365 1.29774 -0.68330 0.27209  0.45000
-0.03517 1.28967 -0.68370 0.27342  0.45000
-0.02668 1.28150 -0.68402 0.27475  0.45000
-0.01817 1.27322 -0.68425 0.27608  0.45000
-0.00963 1.26482 -0.68439 0.27741  0.45000
-0.00108 1.25632 -0.68445 0.27874  0.45000
0.00751 1.24770 -0.68442 0.28007  0.45000
0.01611 1.23897 -0.68429 0.28140  0.45000
0.02475 1.23013 -0.68408 0.28272  0.45000
0.03341 1.22116 -0.68378 0.28405  0.45000
0.04209 1.21208 -0.68338 0.28538  0.45000
0.05081 1.20288 -0.68289 0.28671  0.45000
0.05956 1.19355 -0.68231 0.28804  0.45000
0.06833 1.18409 -0.68163 0.28937  0.45000
0.07714 1.17451 -0.68086 0.29070  0.45000
0.08598 1.16480 -0.67998 0.29203  0.45000
0.09486 1.15495 -0.67901 0.29336  0.45000
0.10377 1.14497 -0.67795 0.29468  0.45000
0.11272 1.13485 -0.67677 0.29601  0.45000
0.12171 1.12459 -0.67550 0.29734  0.45000
0.13073 1.11419 -0.67412 0.29867  0.45000
0.13981 1.10363 -0.67264 0.30000  0.45000
