2.94957280 1.26353443 -1.41040230 1.11575210 2.92999983 
2.94957280 1.26353443 -1.41040230 1.11575210 2.92999983 
2.94956279 1.26299071 -1.41033947 1.11559725 2.92999983 
2.94956279 1.26038277 -1.40972686 1.11407065 2.92999983 
2.94956279 1.25420034 -1.40638113 1.11176980 2.92999983 
2.94956279 1.24401033 -1.39736474 1.11132729 2.92999983 
2.94957280 1.23210847 -1.38486111 1.10980082 2.92999983 
2.94957280 1.22050869 -1.37139940 1.10969019 2.92999983 
2.94957280 1.20958364 -1.35774922 1.10876095 2.92999983 
2.94957280 1.19956481 -1.34469593 1.10805297 2.92999983 
2.94958305 1.19007957 -1.33253789 1.10703528 2.92999983 
2.94958305 1.18165171 -1.32191932 1.10701323 2.92999983 
2.94958305 1.17352581 -1.31203902 1.10692465 2.92999983 
2.94958305 1.16518855 -1.30266142 1.10661495 2.92999983 
2.94958305 1.15670013 -1.29333091 1.10610604 2.92999983 
2.94959307 1.14856422 -1.28434587 1.10581851 2.92999983 
2.94959307 1.14017665 -1.27526665 1.10581851 2.92999983 
2.94959307 1.13151705 -1.26617181 1.10586274 2.92999983 
2.94959307 1.12299860 -1.25757957 1.10590696 2.92999983 
2.94959307 1.11431885 -1.24912870 1.10603976 2.92999983 
2.94959307 1.10567951 -1.24085057 1.10628307 2.92999983 
2.94959307 1.09704018 -1.23243105 1.10665917 2.92999983 
2.94960308 1.08857191 -1.22415304 1.10703528 2.92999983 
2.94960308 1.07992244 -1.21618903 1.10783172 2.92999983 
2.94960308 1.07115221 -1.20822513 1.10900438 2.92999983 
2.94960308 1.06269407 -1.20026124 1.10904860 2.92999983 
2.94960308 1.05458832 -1.19261146 1.10933614 2.92999983 
2.94960308 1.04650283 -1.18515015 1.11037600 2.92999983 
2.94960308 1.03796411 -1.17757893 1.11123884 2.92999983 
2.94960308 1.02981806 -1.17043173 1.11373889 2.92999983 
2.94960308 1.02129960 -1.16278195 1.11378312 2.92999983 
2.94960308 1.01276088 -1.15552485 1.11466801 2.92999983 
2.94960308 1.00440347 -1.14840925 1.11785388 2.92999983 
2.94960308 0.99578416 -1.14099503 1.11730075 2.92999983 
2.94960308 0.98732603 -1.13419354 1.11745560 2.92999983 
2.94960308 0.97900885 -1.12751758 1.11842906 2.92999983 
2.94960308 0.97050041 -1.12081027 1.12172556 2.92999983 
2.94960308 0.96209264 -1.11411870 1.12557518 2.92999983 
2.94960308 0.95408762 -1.10731721 1.12511051 2.92999983 
2.94960308 0.94594163 -1.10081410 1.12535393 2.92999983 
2.94960308 0.93759423 -1.09464085 1.12732291 2.92999983 
2.94960308 0.92945832 -1.08867180 1.13280964 2.92999983 
2.94960308 0.92153382 -1.08215296 1.13345122 2.92999983 
2.94960308 0.91311598 -1.07612109 1.13502204 2.92999983 
2.94961309 0.90441620 -1.07002652 1.13926983 2.92999983 
2.94961309 0.89630044 -1.06412029 1.14234507 2.92999983 
2.94961309 0.88824505 -1.05821407 1.14199102 2.92999983 
2.94961309 0.88007891 -1.05273199 1.14219022 2.92999983 
2.94961309 0.87171143 -1.04706144 1.14384949 2.92999983 
2.94960308 0.86313242 -1.04167354 1.14878309 2.92999983 
2.94960308 0.85501665 -1.03606582 1.15513265 2.92999983 
2.94960308 0.84736407 -1.03025389 1.15504420 2.92999983 
2.94960308 0.83920801 -1.02510166 1.15504420 2.92999983 
2.94960308 0.83107209 -1.02015364 1.15584064 2.92999983 
2.94960308 0.82263410 -1.01506424 1.16095126 2.92999983 
2.94960308 0.81465930 -1.00984931 1.16803086 2.92999983 
2.94960308 0.80676502 -1.00480700 1.17382729 2.92999983 
2.94960308 0.79880029 -0.99951339 1.17241144 2.92999983 
2.94960308 0.79047304 -0.99503666 1.17241144 2.92999983 
2.94960308 0.78237742 -0.99057555 1.17300880 2.92999983 
2.94960308 0.77394950 -0.98597312 1.17610610 2.92999983 
2.94960308 0.76590419 -0.98171628 1.18316364 2.92999983 
2.94960308 0.75786895 -0.97675258 1.19121671 2.92999983 
2.94960308 0.75000489 -0.97240144 1.19845128 2.92999983 
2.94960308 0.74217105 -0.96775192 1.19535387 2.92999983 
2.94960308 0.73413581 -0.96443754 1.19353974 2.92999983 
2.94960308 0.72579855 -0.96029061 1.19358397 2.92999983 
2.94960308 0.71769279 -0.95617515 1.19471228 2.92999983 
2.94960308 0.70947635 -0.95220101 1.19962382 2.92999983 
2.94960308 0.70146126 -0.94854105 1.20966804 2.92999983 
2.94960308 0.69361734 -0.94442558 1.22057509 2.92999983 
2.94960308 0.68597484 -0.94070280 1.22971225 2.92999983 
2.94960308 0.67814094 -0.93687004 1.23462379 2.92999983 
2.94960308 0.67047828 -0.93394840 1.23511052 2.92999983 
2.94960308 0.66230208 -0.93025702 1.23557508 2.92999983 
2.94960308 0.65417624 -0.92717826 1.23922551 2.92999983 
2.94960308 0.64691633 -0.92430371 1.24610615 2.92999983 
2.94960308 0.63836759 -0.92059660 1.25539815 2.92999983 
2.94960308 0.63066465 -0.91775346 1.26283181 2.92999983 
2.94960308 0.62299192 -0.91423488 1.26207960 2.92999983 
2.94960308 0.61531919 -0.91307247 1.26179194 2.92999983 
2.94960308 0.60723358 -0.91005653 1.26194680 2.92999983 
2.94960308 0.59914804 -0.90620810 1.26433623 2.92999983 
2.94960308 0.59117323 -0.90356916 1.27274323 2.92999983 
2.94960308 0.58321857 -0.90083599 1.28438044 2.92999983 
2.94960308 0.57584786 -0.89846408 1.29504418 2.92999983 
2.94960308 0.56836647 -0.89640635 1.30362821 2.92999983 
2.94960308 0.56102604 -0.89359462 1.30415916 2.92999983 
2.94960308 0.55326265 -0.89343756 1.30418134 2.92999983 
2.94960308 0.54529792 -0.89254218 1.30506623 2.92999983 
2.94960308 0.53705126 -0.88844240 1.30867243 2.92999983 
2.94960308 0.52950943 -0.88514376 1.31838489 2.92999983 
2.94960308 0.52220923 -0.88514376 1.33044231 2.92999983 
2.94960308 0.51473784 -0.88405991 1.33973444 2.92999983 
2.94960308 0.50723630 -0.88121676 1.34749985 2.92999983 
2.94960308 0.49954343 -0.87832648 1.35449100 2.92999983 
2.94960308 0.49252519 -0.87831074 1.35358393 2.92999983 
2.94960308 0.48478198 -0.87785524 1.35303080 2.92999983 
2.94960308 0.47685751 -0.87523198 1.35325205 2.92999983 
2.94960308 0.46939623 -0.87295437 1.35524321 2.92999983 
2.94960308 0.46205577 -0.87293863 1.36362815 2.92999983 
2.94960308 0.45438305 -0.87215322 1.37792027 2.92999983 
2.94960308 0.44714329 -0.86965567 1.39232290 2.92999983 
2.94960308 0.44040698 -0.86956143 1.40362823 2.92999983 
2.94961309 0.43323770 -0.86794353 1.40646005 2.92999983 
2.94960308 0.42596775 -0.86792779 1.40878308 2.92999983 
2.94960308 0.41834536 -0.86728376 1.41325212 2.92999983 
2.94960308 0.41076323 -0.86687535 1.42196894 2.92999983 
2.94960308 0.40369466 -0.86554021 1.43203533 2.92999983 
2.94960308 0.39661601 -0.86539882 1.44130516 2.92999983 
2.94960308 0.38969845 -0.86494327 1.44878304 2.92999983 
2.94960308 0.38247883 -0.86486477 1.45608389 2.92999983 
2.94961309 0.37530956 -0.86480194 1.46203530 2.92999983 
2.94960308 0.36828125 -0.86467624 1.46867239 2.92999983 
2.94960308 0.36148453 -0.86464483 1.47550869 2.92999983 
2.94960308 0.35460728 -0.86464483 1.48219013 2.92999983 
2.94960308 0.34769979 -0.86466056 1.48933613 2.92999983 
2.94960308 0.34053051 -0.86467624 1.49630523 2.92999983 
2.94960308 0.33368346 -0.86470765 1.50307512 2.92999983 
2.94960308 0.32689682 -0.86477047 1.51026535 2.92999983 
2.94960308 0.32035184 -0.86488044 1.51734495 2.92999983 
2.94960308 0.31371623 -0.86503756 1.52477860 2.92999983 
2.94960308 0.30719137 -0.86530459 1.53203523 2.92999983 
2.94960308 0.30039465 -0.86590147 1.53938043 2.92999983 
2.94960308 0.29368857 -0.86660832 1.54679191 2.92999983 
2.94960308 0.28716373 -0.86855614 1.55442464 2.92999983 
2.94960308 0.28038713 -0.87040967 1.56170344 2.92999983 
2.94960308 0.27379182 -0.87188619 1.56911492 2.92999983 
2.94960308 0.26741800 -0.87395966 1.57694674 2.92999983 
2.94960308 0.26119524 -0.87548333 1.58442461 2.92999983 
2.94960308 0.25536516 -0.87578177 1.59176981 2.92999983 
2.94960308 0.24920280 -0.87730545 1.60026538 2.92999983 
2.94960308 0.24318142 -0.87967736 1.60798657 2.92999983 
2.94960308 0.23681769 -0.88175082 1.61533177 2.92999983 
2.94960308 0.22995049 -0.88178223 1.62305295 2.92999983 
2.94960308 0.22363709 -0.88272470 1.63108397 2.92999983 
2.94960308 0.21806882 -0.88651031 1.63902640 2.92999983 
2.94960308 0.21242000 -0.88943201 1.64668131 2.92999983 
2.94960308 0.20630799 -0.88938487 1.65422547 2.92999983 
2.94960308 0.20041750 -0.88965189 1.66280961 2.92999983 
2.94960308 0.19501033 -0.89214951 1.67130518 2.92999983 
2.94960308 0.19005628 -0.89609218 1.67871666 2.92999983 
2.94960308 0.18277624 -0.90072602 1.68730080 2.92999983 
2.94960308 0.17647293 -0.90069461 1.69409275 2.92999983 
2.94960308 0.17187130 -0.90086740 1.70283175 2.92999983 
2.94960308 0.16716897 -0.90300369 1.71199095 2.92999983 
2.94960308 0.16200347 -0.90812451 1.72022104 2.92999983 
2.94960308 0.15554911 -0.91377932 1.72765470 2.92999983 
2.94960308 0.14897393 -0.91583711 1.73471224 2.92999983 
2.94960308 0.14405008 -0.91681099 1.74314141 2.92999983 
2.94960308 0.13979080 -0.92032957 1.75254405 2.92999983 
2.94960308 0.13463537 -0.92546606 1.76099539 2.92999983 
2.94960308 0.12947993 -0.92865479 1.76723433 2.92999983 
2.94960308 0.12696263 -0.92873335 1.76920342 2.92999983 
2.94960308 0.12695256 -0.92775941 1.76836264 2.92999983 
2.94960308 0.12905703 -0.92468065 1.76039803 2.92999983 
2.94960308 0.13429302 -0.91971695 1.74477863 2.92999983 
2.94960308 0.14347613 -0.91412491 1.72712374 2.92999983 
2.94960308 0.15384741 -0.90864283 1.71137154 2.92999983 
2.94960308 0.16382600 -0.90416610 1.69942462 2.92999983 
2.94960308 0.17285807 -0.90096164 1.69095123 2.92999983 
2.94960308 0.18072213 -0.89846408 1.68449104 2.92999983 
2.94960308 0.18762961 -0.89643776 1.67758834 2.92999983 
2.94960308 0.19344962 -0.89387739 1.66918123 2.92999983 
2.94960308 0.19888698 -0.89148974 1.66110611 2.92999983 
2.94960308 0.20443511 -0.88946342 1.65296447 2.92999983 
2.94960308 0.20994297 -0.88771981 1.64480078 2.92999983 
2.94960308 0.21573277 -0.88504946 1.63646007 2.92999983 
2.94960308 0.22193539 -0.88442117 1.62964582 2.92999983 
2.94960308 0.22798699 -0.88310170 1.62130523 2.92999983 
2.94960308 0.23400837 -0.88060415 1.61296451 2.92999983 
2.94960308 0.24037212 -0.87807512 1.60497773 2.92999983 
2.94960308 0.24680634 -0.87809086 1.59871674 2.92999983 
2.94960308 0.25280759 -0.87749398 1.59039807 2.92999983 
2.94960308 0.25883904 -0.87461942 1.58159280 2.92999983 
2.94960308 0.26510209 -0.87275016 1.57533169 2.92999983 
2.94960308 0.27152625 -0.87273443 1.56792021 2.92999983 
2.94960308 0.27779937 -0.87202758 1.55966806 2.92999983 
2.94960308 0.28396171 -0.86951429 1.55210161 2.92999983 
2.94960308 0.29079869 -0.86943579 1.54539812 2.92999983 
2.94960308 0.29741418 -0.86786497 1.53696895 2.92999983 
2.94960308 0.30400950 -0.86780214 1.53028750 2.92999983 
2.94960308 0.31079614 -0.86714238 1.52230072 2.92999983 
2.94960308 0.31743175 -0.86604285 1.51484501 2.92999983 
2.94960308 0.32394654 -0.86558729 1.50836265 2.92999983 
2.94960308 0.33075333 -0.86524177 1.50112820 2.92999983 
2.94960308 0.33771116 -0.86489618 1.49371672 2.92999983 
2.94960308 0.34454814 -0.86483335 1.48679197 2.92999983 
2.94960308 0.35132471 -0.86464483 1.47962379 2.92999983 
2.94960308 0.35797039 -0.86458200 1.47247779 2.92999983 
2.94960308 0.36498863 -0.86458200 1.46544230 2.92999983 
2.94960308 0.37202701 -0.86458200 1.45840693 2.92999983 
2.94960308 0.37881365 -0.86459774 1.45176983 2.92999983 
2.94960308 0.38565063 -0.86462915 1.44522107 2.92999983 
2.94960308 0.39252791 -0.86464483 1.43800879 2.92999983 
2.94960308 0.39956629 -0.86470765 1.43161488 2.92999983 
2.94960308 0.40672550 -0.86480194 1.42497778 2.92999983 
2.94960308 0.41415656 -0.86491185 1.41829634 2.92999983 
2.94960308 0.42137620 -0.86517888 1.41207957 2.92999983 
2.94960308 0.42848504 -0.86568159 1.40553081 2.92999983 
2.94960308 0.43582550 -0.86634129 1.39904857 2.92999983 
2.94960308 0.44312567 -0.86781782 1.39272118 2.92999983 
2.94960308 0.45042583 -0.86978132 1.38628304 2.92999983 
2.94960308 0.45788714 -0.87161916 1.37986720 2.92999983 
2.94960308 0.46517724 -0.87336278 1.37367249 2.92999983 
2.94960308 0.47250763 -0.87554616 1.36767685 2.92999983 
2.94960308 0.47976753 -0.87658286 1.36123884 2.92999983 
2.94960308 0.48693678 -0.87752539 1.35584056 2.92999983 
2.94960308 0.49549562 -0.87978733 1.34860611 2.92999983 
2.94960308 0.50254405 -0.88182932 1.34413707 2.92999983 
2.94960308 0.50974357 -0.88228488 1.33780956 2.92999983 
2.94960308 0.51705378 -0.88495523 1.33289814 2.92999983 
2.94960308 0.52471644 -0.88710725 1.32646012 2.92999983 
2.94960308 0.53196627 -0.88858378 1.32095122 2.92999983 
2.94960308 0.53986055 -0.89152116 1.31513262 2.92999983 
2.94960308 0.54734194 -0.89197671 1.30935824 2.92999983 
2.94960308 0.55512547 -0.89269924 1.30422556 2.92999983 
2.94960308 0.56302977 -0.89621782 1.29982293 2.92999983 
2.94960308 0.57098448 -0.90066320 1.29320788 2.92999983 
2.94960308 0.57812351 -0.90228111 1.28774321 2.92999983 
2.94960308 0.58573586 -0.90418178 1.28263259 2.92999983 
2.94960308 0.59341866 -0.90812451 1.27926981 2.92999983 
2.94960308 0.60105109 -0.91115612 1.27298665 2.92999983 
2.94960308 0.60872388 -0.91417205 1.26794243 2.92999983 
2.94960308 0.61629587 -0.91522449 1.26225650 2.92999983 
2.94960308 0.62437141 -0.91712517 1.26106179 2.92999983 
2.94960308 0.63251740 -0.92116207 1.25962377 2.92999983 
2.94960308 0.64077413 -0.92579591 1.25272119 2.92999983 
2.94960308 0.64850730 -0.92970723 1.24435830 2.92999983 
2.94960308 0.65562624 -0.93176496 1.23811936 2.92999983 
2.94960308 0.66323853 -0.93457669 1.24024332 2.92999983 
2.94960308 0.67158592 -0.93864506 1.24110603 2.92999983 
2.94960308 0.67986280 -0.94301188 1.24119461 2.92999983 
2.94960308 0.68798864 -0.94690746 1.23867249 2.92999983 
2.94960308 0.69585270 -0.94997048 1.22975647 2.92999983 
2.94960308 0.70312268 -0.95377183 1.21849549 2.92999983 
2.94960308 0.71036243 -0.95838994 1.20842910 2.92999983 
2.94960308 0.71758205 -0.96321231 1.21039808 2.92999983 
2.94960308 0.72552663 -0.96346366 1.21283174 2.92999983 
2.94960308 0.73457885 -0.96355790 1.21402645 2.92999983 
2.94960308 0.74396336 -0.96580410 1.21362817 2.92999983 
2.94960308 0.75182742 -0.97166318 1.21039808 2.92999983 
2.94960308 0.75901681 -0.97978419 1.19957960 2.92999983 
2.94960308 0.76615590 -0.98801517 1.18730080 2.92999983 
2.94960308 0.77342588 -0.99439263 1.17853975 2.92999983 
2.94960308 0.78099793 -0.99428266 1.18181407 2.92999983 
2.94960308 0.79090601 -0.99425125 1.18882728 2.92999983 
2.94960308 0.80013949 -0.99429834 1.19353974 2.92999983 
2.94960308 0.80723828 -0.99467534 1.19477868 2.92999983 
2.94960308 0.81515265 -0.99866515 1.19334066 2.92999983 
2.94960308 0.82319796 -1.00743020 1.18471229 2.92999983 
2.94960308 0.83073980 -1.01855147 1.16973436 2.92999983 
2.94960308 0.83863407 -1.02945280 1.15559721 2.92999983 
2.94960308 0.84686059 -1.03901899 1.15236712 2.92999983 
2.94960308 0.85578191 -1.04401410 1.15101755 2.92999983 
2.94960308 0.86455220 -1.04762685 1.15004420 2.92999983 
2.94960308 0.87208396 -1.05224502 1.14747775 2.92999983 
2.94960308 0.88035077 -1.05846536 1.14148223 2.92999983 
2.94960308 0.88775164 -1.06507850 1.14148223 2.92999983 
2.94960308 0.89633060 -1.07137740 1.14134943 2.92999983 
2.94960308 0.90435576 -1.07670236 1.13893795 2.92999983 
2.94960308 0.91272330 -1.08265567 1.13455737 2.92999983 
2.94960308 0.92096996 -1.08900166 1.13039815 2.92999983 
2.94960308 0.92907566 -1.09567761 1.13050878 2.92999983 
2.94960308 0.93751365 -1.10188222 1.12999988 2.92999983 
2.94960308 0.94584090 -1.10788262 1.12643790 2.92999983 
2.94960308 0.95417821 -1.11427581 1.12300873 2.92999983 
2.94960308 0.96216309 -1.12104595 1.12300873 2.92999983 
2.94960308 0.97115487 -1.12798882 1.12077427 2.92999983 
2.94960308 0.97902900 -1.13444483 1.11831844 2.92999983 
2.94960308 0.98732603 -1.14149773 1.11820781 2.92999983 
2.94960308 0.99570364 -1.14818931 1.11778748 2.92999983 
2.94960308 1.00374889 -1.15480232 1.11637163 2.92999983 
2.94960308 1.01204598 -1.16202796 1.11396003 2.92999983 
2.94960308 1.02060473 -1.16955209 1.11216807 2.92999983 
2.94960308 1.02872050 -1.17673063 1.11205745 2.92999983 
2.94960308 1.03761172 -1.18411338 1.11008835 2.92999983 
2.94960308 1.04589868 -1.19171607 1.11004412 2.92999983 
2.94960308 1.05466890 -1.19938159 1.10911500 2.92999983 
2.94960308 1.06288540 -1.20699990 1.10845125 2.92999983 
2.94960308 1.07163548 -1.21508944 1.10725653 2.92999983 
2.94960308 1.07979155 -1.22264504 1.10723448 2.92999983 
2.94960308 1.08821952 -1.23070323 1.10696888 2.92999983 
2.94960308 1.09646618 -1.23849440 1.10661495 2.92999983 
2.94960308 1.10483372 -1.24659967 1.10623884 2.92999983 
2.94960308 1.11338246 -1.25505054 1.10586274 2.92999983 
2.94960308 1.12201178 -1.26342285 1.10584056 2.92999983 
2.94960308 1.13047993 -1.27165389 1.10581851 2.92999983 
2.94960308 1.13923013 -1.28054464 1.10586274 2.92999983 
2.94960308 1.14767814 -1.28905833 1.10592914 2.92999983 
2.94960308 1.15638804 -1.29757202 1.10606182 2.92999983 
2.94960308 1.16495693 -1.30633700 1.10643792 2.92999983 
2.94960308 1.17343521 -1.31551051 1.10683620 2.92999983 
2.94960308 1.18211484 -1.32528090 1.10725653 2.92999983 
2.94960308 1.19078445 -1.33465850 1.10882735 2.92999983 
2.94960308 1.19959497 -1.34394193 1.10873890 2.92999983 
2.94960308 1.20847607 -1.35331953 1.10911500 2.92999983 
2.94960308 1.21735704 -1.36302710 1.10997784 2.92999983 
2.94960308 1.22628844 -1.37271893 1.11084056 2.92999983 
2.94960308 1.23541117 -1.38245785 1.11214590 2.92999983 
2.94960308 1.24452376 -1.39221251 1.11469018 2.92999983 
