0                 0                 0

0.01              0.                0.0250326

0.01999686701     0.0002502998571   0.0500652

0.029984337       0.000750742734    0.0750978

0.03995615186     0.001501015054    0.1001304

0.04990606324     0.002500646697    0.125163

0.05982783656     0.003749011297    0.1501956

0.06971525485     0.005245326629    0.1752282

0.07956212267     0.006988655106    0.2002608

0.08936226999     0.00897790436     0.2252934

0.09910955604     0.01121182793     0.250326

0.1087978732      0.01368902605     0.2753586

0.1184211508      0.0164079465      0.3003912

0.1279733589      0.01936688561     0.3254238

0.1374485121      0.02256398933     0.3504564

0.1468406732      0.02599725434     0.375489

0.1561439573      0.02966452938     0.4005216

0.1653525347      0.03356351653     0.4255542

0.1744606356      0.03769177269     0.4505868

0.1834625527      0.0420467111      0.4756194

0.1923526454      0.04662560298     0.500652

0.2011253433      0.05142557918     0.5256846

0.2097751494      0.05644363206     0.5507172

0.2182966437      0.06167661731     0.5757498

0.2266844867      0.06712125595     0.6007824

0.2349334226      0.07277413638     0.625815

0.2430382826      0.07863171652     0.6508476

0.2509939881      0.08469032601     0.6758802

0.2587955543      0.09094616854     0.7009128

0.2664380925      0.0973953242      0.7259454

0.2739168141      0.104033752       0.750978

0.2812270329      0.1108572922      0.7760106

0.2883641683      0.1178616694      0.8010432

0.2953237481      0.1250424944      0.8260758

0.3021014116      0.1323952679      0.8511084

0.3086929118      0.1399153826      0.876141

0.3150941185      0.1475981264      0.9011736

0.3213010208      0.1554386853      0.9262062

0.3273097294      0.1634321464      0.9512388

0.3331164792      0.1715735011      0.9762714

0.3387176318      0.179857648       1.001304

0.3441096775      0.1882793962      1.0263366

0.3492892376      0.1968334688      1.0513692

0.3542530667      0.2055145056      1.0764018

0.3589980544      0.2143170673      1.1014344

0.3635212274      0.2232356381      1.126467

0.3678197517      0.2322646297      1.1514996

0.3718909337      0.2413983845      1.1765322

0.3757322225      0.2506311794      1.2015648

0.379341211       0.259957229       1.2265974

0.382715638       0.2693706897      1.25163

0.385853389       0.2788656631      1.2766626

0.3887524979      0.2884361995      1.3016952

0.3914111481      0.2980763021      1.3267278

0.3938276738      0.3077799305      1.3517604

0.3960005606      0.3175410044      1.376793

0.3979284472      0.3273534074      1.4018256

0.3996101254      0.3372109912      1.4268582

0.4010445416      0.347107579       1.4518908

0.4022307969      0.3570369696      1.4769234

0.4031681481      0.3669929414      1.501956

0.4038560078      0.3769692558      1.5269886

0.4042939449      0.3869596617      1.5520212

0.4044816852      0.3969578992      1.5770538

0.4044191108      0.4069577035      1.6020864

0.4041062612      0.4169528085      1.627119

0.4035433322      0.4269369515      1.6521516

0.4027306766      0.4369038763      1.6771842

0.4016688036      0.4468473378      1.7022168

0.4003583786      0.4567611053      1.7272494

0.3988002227      0.4666389669      1.752282

0.3969953123      0.4764747332      1.7773146

0.3949447782      0.4862622411      1.8023472

0.3926499054      0.4959953577      1.8273798

0.3901121318      0.5056679843      1.8524124

0.3873330476      0.51527406        1.877445

0.3843143941      0.5248075657      1.9024776

0.3810580628      0.5342625277      1.9275102

0.3775660942      0.5436330216      1.9525428

0.3738406763      0.5529131757      1.9775754

0.3698841434      0.5620971753      2.002608

0.3656989748      0.5711792655      2.0276406

0.3612877927      0.5801537557      2.0526732

0.3566533613      0.5890150223      2.0777058

0.3517985846      0.5977575129      2.1027384

0.3467265043      0.6063757495      2.127771

0.3414402989      0.6148643319      2.1528036

0.3359432805      0.6232179412      2.1778362

0.3302388935      0.6314313431      2.2028688

0.3243307125      0.639499391       2.2279014

0.3182224393      0.6474170294      2.252934

0.3119179015      0.6551792973      2.2779666

0.3054210494      0.6627813308      2.3029992

0.298735954       0.6702183665      2.3280318

0.2918668041      0.6774857443      2.3530644

0.284817904       0.6845789105      2.378097

0.2775936705      0.6914934206      2.4031296

0.2701986301      0.6982249419      2.4281622

0.2626374168      0.7047692564      2.4531948

0.2549147683      0.7111222636      2.4782274

0.2470355236      0.7172799826      2.50326

0.2390046199      0.723238555       2.5282926

0.2308270892      0.7289942472      2.5533252

0.2225080557      0.7345434526      2.5783578

0.214052732       0.7398826942      2.6033904

0.2054664162      0.7450086264      2.628423

0.1967544885      0.7499180373      2.6534556

0.1879224077      0.7546078506      2.6784882

0.178975708       0.7590751278      2.7035208

0.1699199955      0.7633170696      2.7285534

0.1607609443      0.767331018       2.753586

0.1515042936      0.771114458       2.7786186

0.1421558436      0.7746650188      2.8036512

0.1327214519      0.7779804756      2.8286838

0.1232070302      0.781058751       2.8537164

0.1136185402      0.7838979162      2.878749

0.10396199        0.7864961921      2.9037816

0.0942434303      0.7888519506      2.9288142

0.08446895086     0.7909637156      2.9538468

0.0746446763      0.792830164       2.9788794

0.06477676251     0.7944501261      3.003912

0.05487139269     0.795822587       3.0289446

0.04493477355     0.7969466866      3.0539772

0.03497313134     0.7978217206      3.0790098

0.02499270802     0.7984471407      3.1040424

0.0149997573      0.798822555       3.129075

0.005000540745    0.7989477283      3.1541076

-0.004998676146   0.7988225821      3.1791402

-0.01499162788    0.7984471948      3.2041728

-0.0249720529     0.7978218018      3.2292054

-0.03493369748    0.7969467947      3.254238

-0.04487031967    0.795822722       3.2792706

-0.05477569319    0.794450288       3.3043032

-0.06464361137    0.7928303525      3.3293358

-0.07446789098    0.7909639308      3.3543684

-0.08424237614    0.7888521922      3.379401

-0.09396094217    0.78649646        3.4044336

-0.1036174994     0.7838982102      3.4294662

-0.1132059972     0.781059071       3.4544988

-0.1227204272     0.7779808214      3.4795314

-0.1321548279     0.7746653901      3.504564

-0.1415032875     0.7711148546      3.5295966

-0.1507599484     0.7673314397      3.5546292

-0.1599190104     0.7633175161      3.5796618

-0.1689747345     0.7590755988      3.6046944

-0.1779214462     0.7546083458      3.629727

-0.1867535397     0.7499185564      3.6547596

-0.1954654807     0.7450091691      3.6797922

-0.2040518104     0.7398832602      3.7048248

-0.2125071486     0.7345440414      3.7298574

-0.2208261971     0.7289948585      3.75489

-0.2290037434     0.7232391885      3.7799226

-0.2370346632     0.7172806378      3.8049552

-0.2449139246     0.7111229401      3.8299878

-0.2526365903     0.7047699539      3.8550204

-0.2601978213     0.6982256598      3.880053

-0.2675928799     0.6914941585      3.9050856

-0.2748171321     0.684579668       3.9301182

-0.2818660515     0.6774865209      3.9551508

-0.288735221      0.6702191617      3.9801834

-0.2954203365     0.6627821441      4.005216

-0.3019172092     0.6551801282      4.0302486

-0.308221768      0.6474178774      4.0552812

-0.3143300626     0.6395002554      4.0803138

-0.3202382655     0.6314322236      4.1053464

-0.3259426747     0.6232188372      4.130379

-0.3314397157     0.6148652427      4.1554116

-0.3367259442     0.6063766746      4.1804442

-0.3417980477     0.5977584517      4.2054768

-0.3466528482     0.5890159743      4.2305094

-0.3512873036     0.5801547202      4.255542

-0.3556985099     0.571180242       4.2805746

-0.3598837031     0.5620981631      4.3056072

-0.3638402609     0.5529141743      4.3306398

-0.3675657039     0.5436340302      4.3556724

-0.3710576979     0.5342635458      4.380705

-0.3743140547     0.5248085926      4.4057376

-0.377332734      0.515275095       4.4307702

-0.3801118443     0.5056690268      4.4558028

-0.382649644      0.4959964071      4.4808354

-0.3849445432     0.4862632967      4.505868

-0.3869951038     0.4764757944      4.5309006

-0.3888000409     0.466640033       4.5559332

-0.3903582235     0.4567621756      4.5809658

-0.3916686753     0.4468484117      4.6059984

-0.3927305752     0.4369049531      4.631031

-0.3935432578     0.4269380304      4.6560636

-0.3941062138     0.416953889       4.6810962

-0.3944190905     0.4069587848      4.7061288

-0.3944816919     0.3969589807      4.7311614

-0.3942939788     0.3869607427      4.756194

-0.3938560686     0.3769703355      4.7812266

-0.393168236      0.3669940193      4.8062592

-0.3922309118     0.357038045       4.8312918

-0.3910446833     0.3471086512      4.8563244

-0.3896102939     0.3372120595      4.881357

-0.3879286424     0.3273544711      4.9063896

-0.3860007824     0.3175420629      4.9314222

-0.3838279219     0.3077809831      4.9564548

-0.3814114226     0.2980773482      4.9814874

-0.3787527985     0.2884372384      5.00652

-0.3758537155     0.2788666941      5.0315526

-0.3727159902     0.2693717123      5.0565852

-0.3693415887     0.2599582424      5.0816178

-0.3657326254     0.250632183       5.1066504

-0.3618913616     0.2413993778      5.131683

-0.3578202043     0.2322656119      5.1567156

-0.3535217045     0.2232366087      5.1817482

-0.3489985556     0.2143180257      5.2067808

-0.3442535917     0.2055154511      5.2318134

-0.3392897862     0.1968344008      5.256846

-0.3341102492     0.1882803143      5.2818786

-0.3287182263     0.1798585514      5.3069112

-0.3231170961     0.1715743894      5.3319438

-0.3173103683     0.163433019       5.3569764

-0.3113016814     0.1554395416      5.382009

-0.3050948003     0.1475989659      5.4070416

-0.2986936144     0.1399162047      5.4320742

-0.2921021346     0.1323960722      5.4571068

-0.285324491      0.1250432804      5.4821394

-0.2783649306     0.1178624365      5.507172

-0.2712278142     0.11085804        5.5322046

-0.2639176139     0.10403448        5.5572372

-0.2564389103     0.09739603196     5.5822698

-0.2487963895     0.09094685561     5.6073024

-0.2409948403     0.08469099196     5.632335

-0.2330391511     0.07863236093     5.6573676

-0.224934307      0.07277475886     5.6824002

-0.2166853864     0.06712185609     5.7074328

-0.2082975582     0.06167719474     5.7324654

-0.199776078      0.05644418642     5.757498

-0.1911262855     0.05142611013     5.7825306

-0.1823536006     0.04662611017     5.8075632

-0.1734635203     0.04204719423     5.8325958

-0.164461615      0.03769223145     5.8576284

-0.1553535253     0.03356395063     5.882661

-0.1461449584     0.02966493855     5.9076936

-0.1368416843     0.02599763833     5.9327262

-0.1274495324     0.02256434789     5.9577588

-0.1179743879     0.01936721853     5.9827914

-0.1084221878     0.01640825355     6.007824

-0.09879891755    0.01368930705     6.0328566

-0.08911060709    0.0112120827      6.0578892

-0.07936332709    0.008978132745    6.0829218

-0.06956318516    0.00698885696     6.1079544

-0.05971632206    0.005245501826    6.132987

-0.04982890782    0.003749159727    6.1580196

-0.03990713788    0.002500768267    6.1830522

-0.0299572292     0.001501109688    6.2080848

-0.01998541638    0.0007508103725   6.2331174

-0.009997947736   0.0002503404578   6.25815